Date,Open,High,Low,Close,Volume
1991-03-14,10.606549263000488,10.784810595151757,10.606549263000488,10.606549263000488,2524700.0
1991-03-15,10.51741726630557,10.51741726630557,10.07176399230957,10.07176399230957,1023500.0
1991-03-18,9.982637697511965,9.982637697511965,9.804376310056394,9.89350700378418,800100.0
1991-03-19,9.715240977634894,9.715240977634894,9.492414349707486,9.536979675292969,1073300.0
1991-03-20,9.53698344683755,9.982636878932762,9.49241810362803,9.8489408493042,1015400.0
1991-03-21,10.027199356179489,10.205460678067125,10.027199356179489,10.160895347595215,1093800.0
1991-03-22,10.071764119466145,10.071764119466145,9.938068135579426,10.027198791503906,607000.0
1991-03-25,10.027201627862864,10.472855033545658,9.938070946726306,10.33915901184082,2384700.0
1991-03-26,10.294590246208891,10.294590246208891,10.116328943244234,10.205459594726562,1860500.0
1991-03-27,10.205459594726562,10.294590246208891,10.160894268985398,10.205459594726562,1204100.0
1991-03-28,10.205459594726562,10.294590246208891,10.07176361750307,10.205459594726562,818900.0
1991-04-01,10.205459594726562,10.294590246208891,10.160894268985398,10.205459594726562,463700.0
1991-04-02,10.339157931009929,10.695680618286133,10.339157931009929,10.695680618286133,1069900.0
1991-04-03,10.695679929076123,10.784810595151757,10.606549263000488,10.606549263000488,929700.0
1991-04-04,10.606550754847863,10.784812112072197,10.606550754847863,10.740246772766113,602900.0
1991-04-05,10.695680334212932,10.695680334212932,10.428288325857608,10.472853660583496,708500.0
1991-04-08,10.472853660583496,10.517418995309383,10.383722991131721,10.472853660583496,451400.0
1991-04-09,10.472853930723002,10.561984602473835,10.383723258972168,10.383723258972168,463400.0
1991-04-10,10.383719326084496,10.472849964076637,10.294588688092354,10.428284645080566,435200.0
1991-04-11,10.472854071581214,10.740246090430096,10.472854071581214,10.651115417480469,483000.0
1991-04-12,10.65111376766414,10.695679097235958,10.472852449376875,10.561983108520508,808500.0
1991-04-15,10.561984744530841,10.695680753955283,10.561984744530841,10.651115417480469,451800.0
1991-04-16,10.561979406971043,10.561979406971043,10.383718151157186,10.517414093017578,834600.0
1991-04-17,10.517418995309383,10.517418995309383,10.383722991131721,10.472853660583496,996400.0
1991-04-18,10.33915666948285,10.33915666948285,10.160895347595215,10.160895347595215,598000.0
1991-04-19,10.07176839123975,10.07176839123975,9.759810963192502,9.89350700378418,714100.0
1991-04-22,9.80437511672622,9.80437511672622,9.626113750967562,9.670679092407227,684700.0
1991-04-23,9.715244819675634,9.89350619251372,9.715244819675634,9.8489408493042,676800.0
1991-04-24,9.804373876144897,9.804373876144897,9.626112532942262,9.759808540344238,587800.0
1991-04-25,9.759808540344238,9.759808540344238,9.626112532942262,9.759808540344238,577100.0
1991-04-26,9.71524429321289,9.71524429321289,9.626113611623781,9.71524429321289,581800.0
1991-04-29,9.71524320454358,9.893504547746213,9.626112532942262,9.759808540344238,601900.0
1991-04-30,9.759806136913898,9.938067436218262,9.759806136913898,9.938067436218262,659900.0
1991-05-01,9.938067640279579,10.250024920467727,9.84893698879725,10.205459594726562,679200.0
1991-05-02,10.205457456184156,10.294588088989258,10.116326823379055,10.294588088989258,1419500.0
1991-05-03,10.250024920467727,10.250024920467727,10.116328943244234,10.205459594726562,445500.0
1991-05-06,10.205459594726562,10.250024920467727,10.116328943244234,10.205459594726562,393700.0
1991-05-07,10.25002833070426,10.3837243524091,10.25002833070426,10.33915901184082,464000.0
1991-05-08,10.294588088989258,10.294588088989258,10.205457456184156,10.294588088989258,448800.0
1991-05-09,10.294588688092354,10.428284645080566,10.205458050100212,10.428284645080566,571900.0
1991-05-10,10.339156087239584,10.339156087239584,9.982633463541667,10.027198791503906,333600.0
1991-05-13,10.027198791503906,10.071764119466145,9.982633463541667,10.027198791503906,341000.0
1991-05-14,9.893501524491743,9.893501524491743,9.804370880126953,9.804370880126953,251400.0
1991-05-15,9.804373876144897,9.938069883546872,9.626112532942262,9.759808540344238,915600.0
1991-05-16,9.759809634007445,9.804374974801998,9.626113611623781,9.71524429321289,416500.0
1991-05-17,9.536982407936684,9.536982407936684,9.225025039452774,9.269590377807617,732700.0
1991-05-20,9.269589557739847,9.40328556097648,9.225024223327637,9.225024223327637,550900.0
1991-05-21,9.314154105567036,9.536980758810268,9.314154105567036,9.492415428161621,467200.0
1991-05-22,9.492415428161621,9.581546089458913,9.447850097512974,9.492415428161621,237300.0
1991-05-23,9.581548270829227,9.759809634007445,9.581548270829227,9.71524429321289,273500.0
1991-05-24,9.71524429321289,9.759809634007445,9.670678952418335,9.71524429321289,166700.0
1991-05-28,9.759810963192502,9.938072350648072,9.759810963192502,9.89350700378418,378800.0
1991-05-29,9.89350619251372,9.89350619251372,9.804375506094678,9.8489408493042,278600.0
1991-05-30,9.848934747554638,9.848934747554638,9.58154285395587,9.626108169555664,309300.0
1991-05-31,9.62611252406858,9.715243195587734,9.403285845270696,9.447851181030273,467900.0
1991-06-03,9.44784844204148,9.492413764881297,9.314152473522023,9.40328311920166,550800.0
1991-06-04,9.403286116463796,9.44785145350865,9.269590105329241,9.358720779418945,460100.0
1991-06-05,9.358717796361843,9.536979087721114,9.358717796361843,9.40328311920166,293100.0
1991-06-06,9.40328311920166,9.492413764881297,9.358717796361843,9.40328311920166,234400.0
1991-06-07,9.358717569490759,9.358717569490759,8.95762967365544,9.13589096069336,449000.0
1991-06-10,9.135892738416358,9.225023399278955,9.091327407985057,9.180458068847656,335400.0
1991-06-11,9.180458888915426,9.269589557739847,9.180458888915426,9.225024223327637,425700.0
1991-06-12,9.225023662342744,9.225023662342744,9.046762335534188,9.091327667236328,396600.0
1991-06-13,9.091327667236328,9.135892998938466,9.00219700383205,9.091327667236328,309000.0
1991-06-14,9.091327798777614,9.135893131124563,9.002197134083715,9.046762466430664,356300.0
1991-06-17,9.04676426243661,9.225025627213688,8.779372215270996,8.779372215270996,625400.0
1991-06-18,8.779372215270996,8.823937556465266,8.690241532882458,8.779372215270996,602400.0
1991-06-19,8.779368982315063,8.957630281448363,8.779368982315063,8.913064956665039,542400.0
1991-06-20,8.913065081265703,8.957630406672031,8.823934430453047,8.868499755859375,335100.0
1991-06-21,8.868502897659535,8.868502897659535,8.779372215270996,8.779372215270996,222000.0
1991-06-24,8.779367681650015,8.82393299983098,8.690237045288086,8.690237045288086,252600.0
1991-06-25,8.690241532882458,8.823937556465266,8.690241532882458,8.779372215270996,310000.0
1991-06-26,8.690241277217865,8.690241277217865,8.55654525756836,8.55654525756836,339400.0
1991-06-27,8.645671727107121,8.73480236346905,8.645671727107121,8.690237045288086,208000.0
1991-06-28,8.467408286200628,8.467408286200628,8.333712365892199,8.422842979431152,423000.0
1991-07-01,8.467410454383263,8.690237045288086,8.467410454383263,8.690237045288086,255800.0
1991-07-02,8.69024017314219,8.69024017314219,8.556544170478464,8.601109504699707,322200.0
1991-07-03,8.601110597451529,8.601110597451529,8.511979917685192,8.55654525756836,128800.0
1991-07-05,8.734804847023703,8.823935508728027,8.734804847023703,8.823935508728027,127300.0
1991-07-08,8.823935508728027,8.823935508728027,8.734804847023703,8.823935508728027,202700.0
1991-07-09,8.823937556465266,9.002198921242341,8.734806874076728,8.779372215270996,180200.0
1991-07-10,8.823934307098389,8.957630281448363,8.823934307098389,8.913064956665039,255700.0
1991-07-11,8.91306617043235,9.046762162988836,8.779370177875865,8.823935508728027,247800.0
1991-07-12,9.091328757149832,9.358720779418945,9.091328757149832,9.358720779418945,408200.0
1991-07-15,9.358720916309997,9.358720916309997,9.269590240916568,9.314155578613281,195000.0
1991-07-16,9.358717796361843,9.44784844204148,9.358717796361843,9.40328311920166,260100.0
1991-07-17,9.40328311920166,9.492413764881297,9.269587150682206,9.40328311920166,248000.0
1991-07-18,9.403285845270696,9.536981852549427,9.403285845270696,9.447851181030273,295700.0
1991-07-19,9.44785089538869,9.492416229800902,9.180458888915426,9.225024223327637,310000.0
1991-07-22,9.225024903219854,9.358720916309997,9.225024903219854,9.314155578613281,348800.0
1991-07-23,9.40328476686433,9.536980758810268,9.40328476686433,9.492415428161621,401400.0
1991-07-24,9.492415428161621,9.581546089458913,9.447850097512974,9.492415428161621,314100.0
1991-07-25,9.49241651678985,9.49241651678985,9.35872050951112,9.447851181030273,99400.0
1991-07-26,9.44785145350865,9.4924167905535,9.358720779418945,9.358720779418945,232600.0
1991-07-29,9.358717796361843,9.44784844204148,9.314152473522023,9.40328311920166,97200.0
1991-07-30,9.40328476686433,9.492415428161621,9.40328476686433,9.492415428161621,110200.0
1991-07-31,9.49241651678985,9.536981852549427,9.447851181030273,9.447851181030273,427700.0
1991-08-01,9.447851181030273,9.49241651678985,9.447851181030273,9.447851181030273,157800.0
1991-08-02,9.53698239880939,9.626113075433775,9.53698239880939,9.581547737121582,279400.0
1991-08-05,9.721904136765172,9.721904136765172,9.631467819213867,9.631467819213867,105700.0
1991-08-06,9.676683116842199,9.812337553059614,9.676683116842199,9.767119407653809,429900.0
1991-08-07,9.767119719603352,9.767119719603352,9.67668342590332,9.67668342590332,260800.0
1991-08-08,9.676683116842199,9.812337553059614,9.676683116842199,9.767119407653809,184600.0
1991-08-09,9.767124832508175,9.812343003029046,9.676688491466432,9.721906661987305,249700.0
1991-08-12,9.721901262248004,9.767119407653809,9.676683116842199,9.767119407653809,137200.0
1991-08-13,9.857561051036438,10.083651900830851,9.857561051036438,9.993215560913086,380700.0
1991-08-14,9.9932139585684,10.128868446693764,9.67668681960922,10.038432121276855,224000.0
1991-08-15,10.038432512415168,10.083650676885508,9.767123525593137,9.812341690063477,99900.0
1991-08-16,9.812337553059614,9.902773843871222,9.767119407653809,9.767119407653809,91200.0
1991-08-19,9.49581178335043,9.49581178335043,9.26972102660399,9.405375480651855,277200.0
1991-08-20,9.405377996535528,9.586250650315057,9.405377996535528,9.495814323425293,262900.0
1991-08-21,9.676687789289918,9.902778625488281,9.676687789289918,9.902778625488281,347900.0
1991-08-22,9.902772313276214,10.174081143776933,9.902772313276214,10.08364486694336,648300.0
1991-08-23,10.083651900830851,10.083651900830851,9.993215560913086,9.993215560913086,230200.0
1991-08-26,9.993214959967625,10.038433127207298,9.902778625488281,9.902778625488281,85200.0
1991-08-27,9.902780239735174,9.9932165889565,9.812343890513848,9.857562065124512,160500.0
1991-08-28,9.947995795859946,10.083650283985309,9.947995795859946,10.038432121276855,304700.0
1991-08-29,10.038433730871969,10.128870070789734,9.993215560913086,9.993215560913086,220400.0
1991-08-30,9.9932139585684,10.083650283985309,9.9932139585684,10.038432121276855,102000.0
1991-09-03,10.08364486694336,10.264517420610506,10.08364486694336,10.08364486694336,288200.0
1991-09-04,10.128865559895832,10.264520009358723,10.128865559895832,10.174083709716797,284000.0
1991-09-05,10.219301543046724,10.400174136728968,10.219301543046724,10.264519691467285,424800.0
1991-09-06,10.264521269819102,10.445393891313712,10.264521269819102,10.354957580566406,301500.0
1991-09-09,10.354953472748464,10.490607885055212,10.354953472748464,10.445389747619629,372900.0
1991-09-10,10.445392285149527,10.445392285149527,10.219301543046724,10.264519691467285,273500.0
1991-09-11,10.26451905986719,10.309737205505371,10.174082768590827,10.309737205505371,246500.0
1991-09-12,10.40017258407723,10.626263292426737,10.40017258407723,10.581045150756836,548000.0
1991-09-13,10.58104835743467,10.58104835743467,10.309739425192754,10.354957580566406,271400.0
1991-09-16,10.354955351143554,10.354955351143554,10.128864622952646,10.309737205505371,263100.0
1991-09-17,10.309737839887845,10.309737839887845,10.128865246205603,10.264519691467285,242300.0
1991-09-18,10.128870070789734,10.128870070789734,9.993215560913086,9.993215560913086,177400.0
1991-09-19,9.993212678602763,10.128867149353027,9.993212678602763,10.128867149353027,261300.0
1991-09-20,10.128865559895832,10.264520009358723,10.128865559895832,10.174083709716797,287400.0
1991-09-23,10.174085306269781,10.26452162010329,10.083648992436272,10.128867149353027,203500.0
1991-09-24,10.128867149353027,10.174085306269781,10.083648992436272,10.128867149353027,248700.0
1991-09-25,10.128867149353027,10.174085306269781,10.038430835519518,10.128867149353027,101500.0
1991-09-26,10.083651900830851,10.083651900830851,9.993215560913086,9.993215560913086,108200.0
1991-09-27,10.083648992436272,10.174085306269781,10.083648992436272,10.128867149353027,220500.0
1991-09-30,10.219300914229008,10.354955351143554,10.219300914229008,10.309737205505371,258600.0
1991-10-01,10.400171610184046,10.490607885055212,10.400171610184046,10.445389747619629,223200.0
1991-10-02,10.535830169028424,10.671484634724068,10.535830169028424,10.626266479492188,453100.0
1991-10-03,10.626263941748668,10.716700230614615,10.626263941748668,10.67148208618164,287300.0
1991-10-04,10.67148208618164,10.716700230614615,10.581045797315696,10.67148208618164,255100.0
1991-10-07,10.626266495934848,10.626266495934848,10.490612030029297,10.490612030029297,219200.0
1991-10-08,10.490612030029297,10.581048340632996,10.445393874727445,10.490612030029297,134400.0
1991-10-09,10.490607885055212,10.581044159926378,10.354953472748464,10.445389747619629,494600.0
1991-10-10,10.535830169028424,10.626266479492188,10.535830169028424,10.626266479492188,503700.0
1991-10-11,10.626266811027035,10.671484967669704,10.49061234109903,10.5358304977417,91000.0
1991-10-14,10.535830185331147,10.535830185331147,10.445393874727445,10.490612030029297,127600.0
1991-10-15,10.490612030029297,10.535830185331147,10.400175719425595,10.490612030029297,116500.0
1991-10-16,10.490612030029297,10.535830185331147,10.445393874727445,10.490612030029297,121900.0
1991-10-17,10.490612030029297,10.535830185331147,10.445393874727445,10.490612030029297,237900.0
1991-10-18,10.581048324260307,10.671484634724068,10.581048324260307,10.626266479492188,219000.0
1991-10-21,10.626262297361961,10.626262297361961,10.400171610184046,10.445389747619629,194800.0
1991-10-22,10.445395162831183,10.535831484587296,10.400177001953125,10.400177001953125,206400.0
1991-10-23,10.40017573594006,10.490612046687364,10.309739425192754,10.354957580566406,212500.0
1991-10-24,10.354958841075067,10.535831484587296,10.354958841075067,10.400177001953125,221700.0
1991-10-25,10.40017573594006,10.490612046687364,10.354957580566406,10.354957580566406,151700.0
1991-10-28,10.354953472748464,10.490607885055212,10.354953472748464,10.445389747619629,122200.0
1991-10-29,10.445389747619629,10.535826022490795,10.400171610184046,10.445389747619629,251700.0
1991-10-30,10.581045797315696,10.716700230614615,10.581045797315696,10.67148208618164,312100.0
1991-10-31,10.67148208618164,10.716700230614615,10.67148208618164,10.67148208618164,87300.0
1991-11-01,10.716703723458684,10.807140041800107,10.716703723458684,10.761921882629395,222400.0
1991-11-04,10.761921882629395,10.85235820097082,10.761921882629395,10.761921882629395,235800.0
1991-11-05,10.761922189880115,10.852358510803478,10.445395066648347,10.807140350341797,293000.0
1991-11-06,10.807139706611634,10.897576022148133,10.807139706611634,10.852357864379883,300500.0
1991-11-07,10.852358173037961,11.168885286418234,10.852358173037961,10.897576332092285,248000.0
1991-11-08,10.897576332092285,10.94279449114661,10.852358173037961,10.897576332092285,403100.0
1991-11-11,10.98801200251934,11.033230158908308,10.942793846130371,10.942793846130371,398500.0
1991-11-12,11.078443821565605,11.078443821565605,10.942789407423986,10.988007545471191,290600.0
1991-11-13,10.942789407423986,11.033225683518397,10.897571269376778,10.988007545471191,256900.0
1991-11-14,11.033231735229492,11.078449898078793,10.988013572380192,11.033231735229492,173400.0
1991-11-15,10.988008425785944,11.033226567455845,10.490608867417034,10.581045150756836,232200.0
1991-11-18,10.852357533352436,10.942793846130371,10.761921220574498,10.942793846130371,468300.0
1991-11-19,10.761918375047587,10.761918375047587,10.581045797315696,10.67148208618164,436900.0
1991-11-20,10.716700230614615,10.761918375047587,10.67148208618164,10.67148208618164,215200.0
1991-11-21,10.671485564287972,10.85235820097082,10.671485564287972,10.761921882629395,189800.0
1991-11-22,10.807138768932486,10.897575076622298,10.671484307397769,10.716702461242676,147700.0
1991-11-25,10.761921882629395,10.807140041800107,10.716703723458684,10.761921882629395,132700.0
1991-11-26,10.85235820097082,10.89757636014153,10.761921882629395,10.761921882629395,292100.0
1991-11-27,10.761918375047587,10.80713651948056,10.67148208618164,10.67148208618164,64700.0
1991-11-29,10.490607885055212,10.535826022490795,10.400171610184046,10.445389747619629,125200.0
1991-12-02,10.445390725747133,10.626263292426737,10.40017258407723,10.581045150756836,260400.0
1991-12-03,10.5358304977417,10.5358304977417,10.49061234109903,10.5358304977417,126100.0
1991-12-04,10.852357864379883,10.897576022148133,10.761921548843384,10.852357864379883,307500.0
1991-12-05,10.852358173037961,10.94279449114661,10.852358173037961,10.897576332092285,133800.0
1991-12-06,11.078445756338477,11.168882048226955,11.078445756338477,11.123663902282715,221300.0
1991-12-09,11.214102105443258,11.3497565663962,11.078447644490314,11.259320259094238,253800.0
1991-12-10,11.123663902282715,11.168882048226955,11.078445756338477,11.123663902282715,96500.0
1991-12-11,11.12366195961281,11.12366195961281,10.897571269376778,10.988007545471191,170400.0
1991-12-12,11.033227610394238,11.168882048226955,11.033227610394238,11.123663902282715,160100.0
1991-12-13,11.214100194171193,11.214100194171193,11.078445756338477,11.123663902282715,198800.0
1991-12-16,11.168886184692383,11.214104347383444,11.12366802200132,11.168886184692383,93800.0
1991-12-17,11.168886184692383,11.259322510074506,11.168886184692383,11.168886184692383,113400.0
1991-12-18,11.21410336303711,11.304539680480957,11.21410336303711,11.304539680480957,135600.0
1991-12-19,11.304539057516282,11.304539057516282,11.214102745056152,11.214102745056152,127900.0
1991-12-20,11.440194156646728,11.485412315368652,11.21410336303711,11.304539680480957,120500.0
1991-12-23,11.349756851792336,11.62106578052044,11.349756851792336,11.575847625732422,162200.0
1991-12-24,11.530629470944405,11.575847625732422,11.485411316156387,11.575847625732422,273900.0
1991-12-26,11.530629470944405,11.62106578052044,11.530629470944405,11.575847625732422,109300.0
1991-12-27,11.575847625732422,11.62106578052044,11.485411316156387,11.575847625732422,136600.0
1991-12-30,11.530629470944405,11.62106578052044,11.259320542216301,11.575847625732422,136300.0
1991-12-31,11.84715716774893,11.892375324877744,11.66628453923368,11.801939010620117,251200.0
1992-01-02,11.892374352975326,12.254119580442255,11.756719892675227,11.937592506408691,293700.0
1992-01-03,11.982811286037128,12.073247597629862,11.937593130240762,12.028029441833496,218100.0
1992-01-06,12.389774652088391,12.434992807752947,12.299338340759277,12.299338340759277,452000.0
1992-01-07,12.299333900759072,12.389770179441124,12.254115761418046,12.344552040100098,228700.0
1992-01-08,12.254121745589877,12.43499439128124,12.254121745589877,12.389776229858398,240900.0
1992-01-09,12.389774688204428,12.48021099979716,11.892374974444396,12.028029441833496,346000.0
1992-01-10,12.118468739436222,12.38977774106539,11.756723403930664,11.756723403930664,280300.0
1992-01-13,12.028029752581308,12.118466066510491,12.028029752581308,12.073247909545898,195000.0
1992-01-14,12.254122124285503,12.254122124285503,12.073249473004536,12.16368579864502,143700.0
1992-01-15,12.028028813275425,12.20890142700889,11.892374352975326,11.937592506408691,150600.0
1992-01-16,11.98281192779541,12.118466402449698,11.937593769577315,11.98281192779541,1144900.0
1992-01-17,12.044095902388541,12.182533786324042,12.044095902388541,12.136387825012207,218500.0
1992-01-20,12.136386788566158,12.228678703308105,12.090240831195183,12.228678703308105,205000.0
1992-01-21,12.274824578217352,12.413262449400255,12.274824578217352,12.32097053527832,228700.0
1992-01-22,12.4594053922984,12.551697284093203,12.413259446400998,12.5055513381958,112800.0
1992-01-23,12.505553319994846,12.643991179625784,12.367115460363907,12.413261413574219,115200.0
1992-01-24,12.4594053922984,12.643989175888006,12.413259446400998,12.5055513381958,141800.0
1992-01-27,12.597842721378102,12.597842721378102,12.459404889275046,12.55169677734375,132400.0
1992-01-28,12.55169437394474,12.643986244341393,12.55169437394474,12.597840309143066,313900.0
1992-01-29,12.551702698664878,12.597848664468794,12.274826903841388,12.367118835449219,181900.0
1992-01-30,12.367113229000207,12.367113229000207,12.136383504578562,12.18252944946289,132000.0
1992-01-31,12.459410767057049,12.505556732860963,12.367118835449219,12.367118835449219,178900.0
1992-02-03,12.367118835449219,12.413264801253133,12.274826903841388,12.367118835449219,185900.0
1992-02-04,12.274821339231549,12.320967284115879,12.136383504578562,12.18252944946289,283600.0
1992-02-05,12.182534312473908,12.228680275778734,12.044096422559432,12.090242385864258,202800.0
1992-02-06,12.136385333269162,12.320969140619264,12.136385333269162,12.274823188781738,213500.0
1992-02-07,12.367115092456789,12.45940699613184,12.274823188781738,12.274823188781738,104700.0
1992-02-10,12.413264801253133,12.459410767057049,12.367118835449219,12.367118835449219,116700.0
1992-02-11,12.320969140619264,12.367115092456789,12.274823188781738,12.274823188781738,98300.0
1992-02-12,12.228678703308105,12.27482466067908,12.136386788566158,12.228678703308105,132100.0
1992-02-13,12.228676484181332,12.228676484181332,11.997946739196777,11.997946739196777,107500.0
1992-02-14,12.18252944946289,12.22867539434722,12.090237559694232,12.18252944946289,124800.0
1992-02-18,12.22867539434722,12.320967284115879,12.18252944946289,12.18252944946289,108100.0
1992-02-19,12.228677236944213,12.320969140619264,12.228677236944213,12.274823188781738,97200.0
1992-02-20,12.228678621156385,12.367116492339287,12.182532664095417,12.32097053527832,143200.0
1992-02-21,12.182528090202945,12.182528090202945,12.044090270996094,12.044090270996094,90600.0
1992-02-24,12.136386788566158,12.27482466067908,12.090240831195183,12.228678703308105,190900.0
1992-02-25,12.274825450985931,12.274825450985931,11.905657768249512,11.905657768249512,320800.0
1992-02-26,11.813365332408301,11.997949165727182,11.813365332408301,11.951803207397461,413600.0
1992-02-27,12.0440951240569,12.09024108238662,11.90565724906774,11.951803207397461,241800.0
1992-02-28,11.997943462564788,12.044089398959269,11.767213780592389,11.859505653381348,311800.0
1992-03-02,11.859511461444928,11.905657420438878,11.674927625469133,11.767219543457031,286200.0
1992-03-03,11.721068382263184,11.76721432077603,11.721068382263184,11.721068382263184,283700.0
1992-03-04,11.674926918673227,11.721072874873517,11.44419713767178,11.49034309387207,310600.0
1992-03-05,11.305760907345132,11.4441987960065,11.213468981570886,11.259614944458008,422600.0
1992-03-06,11.305760907345132,11.351906870232254,11.213468981570886,11.259614944458008,135000.0
1992-03-09,11.49034309387207,11.58263500627265,11.44419713767178,11.49034309387207,367500.0
1992-03-10,11.62877650523749,11.813360259288878,11.62877650523749,11.721068382263184,371300.0
1992-03-11,11.536493957766638,11.582639933597703,11.398056030273438,11.398056030273438,175500.0
1992-03-12,11.398046036076739,11.444191971445472,11.259608229970544,11.351900100708008,153200.0
1992-03-13,11.351907500587558,11.398053466037101,11.0750317078903,11.121177673339844,198100.0
1992-03-16,11.167323018683762,11.259614944458008,11.167323018683762,11.259614944458008,400800.0
1992-03-17,11.259607774384166,11.39804557488889,11.259607774384166,11.305753707885742,95400.0
1992-03-18,11.259615569688473,11.351907500587558,11.121177673339844,11.121177673339844,473400.0
1992-03-19,11.121174888132007,11.121174888132007,10.982737026454016,11.02888298034668,277000.0
1992-03-20,11.028884980245985,11.028884980245985,10.844301131204212,10.936593055725098,231000.0
1992-03-23,10.84429967303236,11.028883497254187,10.84429967303236,10.98273754119873,150500.0
1992-03-24,11.028882467746735,11.121174371242523,11.028882467746735,11.075028419494629,131800.0
1992-03-25,11.0750317078903,11.213469604238929,11.0750317078903,11.121177673339844,174600.0
1992-03-26,11.259610231257668,11.259610231257668,11.121172400545483,11.167318344116211,99800.0
1992-03-27,11.121177673339844,11.213469604238929,11.121177673339844,11.121177673339844,170000.0
1992-03-30,11.167318344116211,11.167318344116211,11.075026456974756,11.167318344116211,91800.0
1992-03-31,11.213469604238929,11.259615569688473,11.121177673339844,11.121177673339844,98300.0
1992-04-01,11.16731635923308,11.351900100708008,11.075024488495618,11.351900100708008,113200.0
1992-04-02,11.398056030273438,11.490347981935571,11.398056030273438,11.398056030273438,124000.0
1992-04-03,11.398049796781233,11.490341697969745,11.398049796781233,11.444195747375488,41400.0
1992-04-06,11.444191971445472,11.767213519026594,11.305754165339277,11.351900100708008,78300.0
1992-04-07,11.351905189642386,11.351905189642386,10.98273754119873,10.98273754119873,214900.0
1992-04-08,11.213462829589844,11.259608767160172,11.167316892019516,11.213462829589844,194900.0
1992-04-09,11.398056030273438,11.444202006104504,11.305764078611304,11.398056030273438,119500.0
1992-04-10,12.18252944946289,12.274821339231549,12.044091614809904,12.18252944946289,676800.0
1992-04-13,12.18252944946289,12.320967284115879,12.136383504578562,12.18252944946289,290700.0
1992-04-14,12.367118835449219,12.459410767057049,12.320972869645303,12.367118835449219,377100.0
1992-04-15,12.367115092456789,12.45940699613184,12.228677236944213,12.274823188781738,182900.0
1992-04-16,12.2748249157055,12.2748249157055,11.90565724906774,11.951803207397461,155100.0
1992-04-20,11.997949338426777,11.997949338426777,11.767219543457031,11.767219543457031,168900.0
1992-04-21,11.81336550245098,11.905657420438878,11.674927625469133,11.767219543457031,291300.0
1992-04-22,11.997946873307228,11.997946873307228,11.813363075256348,11.813363075256348,341800.0
1992-04-23,11.997946739196777,12.0902386371906,11.951800790199867,11.997946739196777,292900.0
1992-04-24,12.274823188781738,12.367115092456789,12.274823188781738,12.274823188781738,314200.0
1992-04-27,12.367115092456789,12.367115092456789,12.274823188781738,12.274823188781738,170700.0
1992-04-28,12.182532664095417,12.367116492339287,12.182532664095417,12.32097053527832,366700.0
1992-04-29,12.459410767057049,12.459410767057049,12.320972869645303,12.367118835449219,345400.0
1992-04-30,12.367115460363907,12.459407366784532,12.27482355394328,12.413261413574219,307400.0
1992-05-01,12.643986244341393,12.736278114738045,12.597840309143066,12.597840309143066,228600.0
1992-05-04,12.597845516065613,12.690137424608217,12.597845516065613,12.643991470336914,177700.0
1992-05-05,12.55169437394474,12.643986244341393,12.505548438746414,12.597840309143066,89800.0
1992-05-06,12.920868698979767,13.151598497175835,12.874722739340553,13.105452537536621,350500.0
1992-05-07,13.197744369506836,13.243890328840775,12.920868613503197,13.197744369506836,218200.0
1992-05-08,13.659199377105818,13.659199377105818,13.382323714056376,13.42846965789795,318300.0
1992-05-11,13.197743851133339,13.243889808654785,13.151597893611894,13.243889808654785,154200.0
1992-05-12,13.197743578160063,13.197743578160063,12.967013795325096,13.01315975189209,187800.0
1992-05-13,13.105451665026076,13.15159762159307,13.01315975189209,13.01315975189209,187800.0
1992-05-14,13.474619596262011,13.474619596262011,13.059305978569004,13.243889808654785,312000.0
1992-05-15,13.105448274646125,13.197740163904196,13.013156385388054,13.05930233001709,112400.0
1992-05-18,13.382324159961858,13.474616050720215,13.336178214582679,13.474616050720215,174800.0
1992-05-19,13.42846965789795,13.474615601739522,13.336177770214801,13.42846965789795,145000.0
1992-05-20,13.520763838372263,13.61305574170586,13.474617886705463,13.566909790039062,176500.0
1992-05-21,13.47462100452847,13.47462100452847,13.290037155151367,13.290037155151367,217400.0
1992-05-22,13.336177770214801,13.474615601739522,13.290031826373228,13.42846965789795,146800.0
1992-05-26,13.474616496636193,13.52076244354248,13.428470549729903,13.52076244354248,145500.0
1992-05-27,13.151598410172896,13.243890328840775,13.151598410172896,13.197744369506836,136700.0
1992-05-28,13.336178214582679,13.474616050720215,13.2900322692035,13.474616050720215,138300.0
1992-05-29,13.613053886857752,13.751491722995288,13.474616050720215,13.474616050720215,174500.0
1992-06-01,13.70534610748291,13.75149205397275,13.659200160993068,13.70534610748291,69400.0
1992-06-02,13.705347791211357,13.705347791211357,13.33618017393967,13.382326126098633,202400.0
1992-06-03,13.243886108533232,13.243886108533232,13.013156385388054,13.05930233001709,107000.0
1992-06-04,13.05930890200431,13.24389277341073,13.05930890200431,13.15160083770752,120300.0
1992-06-05,13.151598497175835,13.151598497175835,13.013160618258194,13.105452537536621,167300.0
1992-06-08,13.013156385388054,13.05930233001709,12.967010440759019,13.05930233001709,81400.0
1992-06-09,13.05930097103119,13.105446910858154,12.920863151550293,12.920863151550293,92700.0
1992-06-10,13.013156442879783,13.013156442879783,12.967010498046875,12.967010498046875,234900.0
1992-06-11,12.967016966301099,13.197746805559124,12.967016966301099,13.15160083770752,132700.0
1992-06-12,13.105450406401596,13.105450406401596,12.782428741455078,12.782428741455078,204000.0
1992-06-15,12.690134829049432,13.013156442879783,12.643988884216526,12.967010498046875,138000.0
1992-06-16,13.05930890200431,13.197746805559124,13.013162934152703,13.15160083770752,98700.0
1992-06-17,13.105446910858154,13.105446910858154,12.920863151550293,12.920863151550293,123200.0
1992-06-18,12.967009091377259,13.013155031204224,12.920863151550293,12.920863151550293,173600.0
1992-06-19,13.013156442879783,13.013156442879783,12.920864553213969,12.967010498046875,160100.0
1992-06-22,12.828574693590296,12.828574693590296,12.643990885049428,12.782428741455078,137900.0
1992-06-23,12.782433403862846,13.151601155598959,12.782433403862846,12.874725341796875,105500.0
1992-06-24,12.782428741455078,12.828574693590296,12.690136837184644,12.782428741455078,82200.0
1992-06-25,12.920865183291228,12.967011130374411,12.736281394958498,12.736281394958496,176400.0
1992-06-26,12.69013786315918,12.736283819025212,12.69013786315918,12.69013786315918,56100.0
1992-06-29,12.597842721378102,12.690134609446806,12.505550833309398,12.55169677734375,83600.0
1992-06-30,12.69014146592882,12.92087131076389,12.643995496961805,12.874725341796875,110000.0
1992-07-01,12.828574693590296,12.874720645725512,12.736282789319862,12.782428741455078,60500.0
1992-07-02,12.78242734204168,12.828573289124863,12.736281394958498,12.736281394958496,37700.0
1992-07-06,12.690135447875313,12.736281394958498,12.597843553708948,12.736281394958496,39700.0
1992-07-07,12.82857937282986,12.92087131076389,12.82857937282986,12.874725341796875,50500.0
1992-07-08,12.736281394958498,12.78242734204168,12.690135447875313,12.736281394958496,114500.0
1992-07-09,12.828571271896363,12.920863151550293,12.736279392242432,12.920863151550293,47100.0
1992-07-10,13.059306577897408,13.105452537536621,13.059306577897408,13.105452537536621,49200.0
1992-07-13,13.15160083770752,13.197746805559124,13.105454869855913,13.15160083770752,46100.0
1992-07-14,13.151597893611894,13.29003576617623,13.105451936090448,13.243889808654785,64500.0
1992-07-15,13.24389277341073,13.290038741262336,13.105454869855913,13.15160083770752,124200.0
1992-07-16,12.967013795325096,13.059305708459084,12.87472188219111,13.01315975189209,51700.0
1992-07-17,12.920867642489346,12.920867642489346,12.69013786315918,12.69013786315918,99800.0
1992-07-20,12.505553607523007,12.643991470336914,12.505553607523007,12.643991470336914,102600.0
1992-07-21,12.736280553481159,12.736280553481159,12.505550833309398,12.55169677734375,63400.0
1992-07-22,12.367113229000207,12.367113229000207,12.136383504578562,12.18252944946289,76900.0
1992-07-23,12.090243040625728,12.367118835449219,12.090243040625728,12.367118835449219,120500.0
1992-07-24,12.044089398959269,12.044089398959269,11.859505653381348,11.859505653381348,39700.0
1992-07-27,11.85951180790746,11.905657768249512,11.767219887223355,11.905657768249512,48600.0
1992-07-28,11.85951180790746,11.951803728591564,11.813365847565407,11.905657768249512,279300.0
1992-07-29,12.182530535184421,12.182530535184421,11.997946739196777,11.997946739196777,256000.0
1992-07-30,11.951797526170308,11.997943462564788,11.859505653381348,11.859505653381348,48200.0
1992-07-31,11.813363075256348,11.813363075256348,11.721071176230907,11.813363075256348,49500.0
1992-08-03,11.875450557307975,12.109219269066005,11.875450557307975,12.015711784362793,83400.0
1992-08-04,12.06246524137609,12.109218982621735,11.875450276393517,11.92220401763916,147400.0
1992-08-05,11.828698575736048,11.828698575736048,11.59492982918,11.641683578491211,46900.0
1992-08-06,11.68843936920166,11.735193126678467,11.641685611724855,11.68843936920166,66100.0
1992-08-07,11.828696535147872,12.015711500130447,11.828696535147872,11.92220401763916,69700.0
1992-08-10,11.922205109149218,11.968958854675293,11.828697618097067,11.968958854675293,88400.0
1992-08-11,12.015715030523447,12.202730050453772,11.968961275540865,12.155976295471191,125200.0
1992-08-12,12.062465097021867,12.062465097021867,11.78194265290508,11.875450134277344,20800.0
1992-08-13,11.922205109149218,12.062466345727444,11.922205109149218,11.968958854675293,56600.0
1992-08-14,12.202729356197912,12.249483108520508,12.109221851552716,12.249483108520508,79000.0
1992-08-17,12.109220367993496,12.202727861182636,12.015712874804358,12.062466621398926,44500.0
1992-08-18,12.109220367993496,12.109220367993496,12.015712874804358,12.062466621398926,79700.0
1992-08-19,12.10921859741211,12.202726076928807,12.10921859741211,12.10921859741211,38600.0
1992-08-20,12.20273208618164,12.249485848963944,12.155978323399335,12.20273208618164,41700.0
1992-08-21,12.155974114588066,12.249481607777204,12.062466621398926,12.062466621398926,27600.0
1992-08-24,12.015715030523447,12.249483805436354,12.015715030523447,12.155976295471191,41800.0
1992-08-25,11.267655245463054,11.267655245463054,10.940378952026368,11.220901489257812,320900.0
1992-08-26,11.314406394958496,11.36116014039221,11.267652649524784,11.314406394958496,374100.0
1992-08-27,11.454671859741211,11.548179385126854,11.361164334355568,11.454671859741211,142800.0
1992-08-28,11.454671859741211,11.501425622434033,11.40791809704839,11.454671859741211,159100.0
1992-08-31,11.407912254333496,11.454665993080765,11.361158515586228,11.407912254333496,52000.0
1992-09-01,11.50142776242152,11.641689076597391,11.454673991029562,11.548181533813477,303900.0
1992-09-02,11.735191609077303,11.875452863369063,11.594930354785541,11.828699111938477,224000.0
1992-09-03,12.062466621398926,12.202727861182636,11.968959128209788,12.062466621398926,314400.0
1992-09-04,12.155978323399335,12.29623961174625,12.155978323399335,12.20273208618164,205400.0
1992-09-08,12.202726319080261,12.202726319080261,11.875450134277344,11.875450134277344,89900.0
1992-09-09,11.922205109149218,11.968958854675293,11.828697618097067,11.968958854675293,83200.0
1992-09-10,12.015711356335737,12.202726319080261,11.78194265290508,11.875450134277344,221000.0
1992-09-11,11.64168413673959,11.64168413673959,11.454669130526906,11.501422882080078,51400.0
1992-09-14,11.68843936920166,11.735193126678467,11.594931854248047,11.68843936920166,146700.0
1992-09-15,11.454667474469568,11.454667474469568,10.846868792150776,10.940376281738281,192900.0
1992-09-16,10.70660910567617,11.548176633633249,10.70660910567617,11.501422882080078,281800.0
1992-09-17,11.361161627420564,11.548176633633249,11.267654124314221,11.501422882080078,148400.0
1992-09-18,11.64168303353446,11.781944274902344,11.594929286411832,11.781944274902344,74600.0
1992-09-21,11.641682754328222,11.641682754328222,11.314406532318994,11.361160278320312,74800.0
1992-09-22,11.407917103183923,11.454670861803528,11.08064079284668,11.08064079284668,146200.0
1992-09-23,11.267656808969926,11.548179385126854,11.174149283584283,11.454671859741211,74700.0
1992-09-24,11.407920219637605,11.641689076597391,11.361166448245648,11.548181533813477,63100.0
1992-09-25,11.59493153889974,11.59493153889974,11.220901489257812,11.220901489257812,89500.0
1992-09-28,11.220897625444273,11.220897625444273,10.753360224384096,10.893621444702148,97900.0
1992-09-29,10.846868792150776,11.033883771325788,10.706607557769516,10.940376281738281,51600.0
1992-09-30,10.706609465477225,10.706609465477225,10.519594452979806,10.613101959228516,133900.0
1992-10-01,10.566348115058794,10.566348115058794,10.2390718460083,10.2390718460083,241900.0
1992-10-02,9.911793140264658,9.958546881492321,9.584516951671013,9.724778175354004,400500.0
1992-10-05,9.444260006416135,9.584521293640137,9.11698366956013,9.584521293640137,376800.0
1992-10-06,9.537765762180959,9.724780777125682,9.444258254708595,9.63127326965332,191800.0
1992-10-07,9.958550914052571,10.005304674212443,9.724782113253214,9.771535873413086,167400.0
1992-10-08,9.958549237364277,9.958549237364277,9.7247804759238,9.865041732788086,266800.0
1992-10-09,9.86504386808814,9.86504386808814,9.491013768824136,9.584521293640137,150800.0
1992-10-12,9.491014597462673,9.537768363952637,9.350753297992782,9.537768363952637,171800.0
1992-10-13,9.491012008444777,9.818288284598045,9.491012008444777,9.63127326965332,242900.0
1992-10-14,9.67802443412634,9.771531916581667,9.631270692898676,9.724778175354004,206700.0
1992-10-15,9.537764950075012,9.818287448606629,9.350749951053933,9.67802619934082,133700.0
1992-10-16,9.771535112352794,9.771535112352794,9.397505060205319,9.491012573242188,77900.0
1992-10-19,9.350751303686884,9.537766329760622,9.257243790650016,9.491012573242188,93500.0
1992-10-20,9.72477751232329,9.865038726443336,9.584516298203242,9.81828498840332,196800.0
1992-10-21,9.911794662475586,10.005302159291393,9.818287165659779,9.911794662475586,94400.0
1992-10-22,10.005301336727232,10.098808825855524,9.91179384759894,9.958547592163086,125800.0
1992-10-23,9.958549756782,10.052057266235352,9.865042247328647,10.052057266235352,77800.0
1992-10-26,9.72477994909609,9.72477994909609,9.444257450564471,9.67802619934082,121500.0
1992-10-27,9.537764275428092,9.584518021876269,9.350749289635385,9.444256782531738,100500.0
1992-10-28,9.537765762180959,9.63127326965332,9.537765762180959,9.63127326965332,83600.0
1992-10-29,9.584521293640137,9.724782580864138,9.537767531232136,9.584521293640137,74700.0
1992-10-30,9.67802619934082,9.72477994909609,9.584518699830282,9.67802619934082,60900.0
1992-11-02,9.397507064482745,9.724783429912492,9.397507064482745,9.537768363952637,138900.0
1992-11-03,9.771531250363305,9.911792464483351,9.771531250363305,9.81828498840332,139900.0
1992-11-04,9.865039399036995,9.865039399036995,9.724778175354004,9.724778175354004,47600.0
1992-11-05,9.818289633572958,9.9117971538927,9.678028353093344,9.771535873413086,144000.0
1992-11-06,9.537766329760622,9.584520086279056,9.397505060205319,9.491012573242188,169100.0
1992-11-09,9.491012055670197,9.491012055670197,9.303997039794922,9.303997039794922,116100.0
1992-11-10,9.491013768824136,9.584521293640137,9.444260006416135,9.584521293640137,80500.0
1992-11-11,9.350749289635385,9.444256782531738,9.25724179673903,9.444256782531738,121400.0
1992-11-12,9.491013768824136,9.678028818456138,9.444260006416135,9.584521293640137,80200.0
1992-11-13,9.584521293640137,9.584521293640137,9.444260006416135,9.584521293640137,92300.0
1992-11-16,9.35075079376374,9.35075079376374,9.163735777888466,9.303997039794922,264900.0
1992-11-17,9.35074820447324,9.444255686517971,9.21048698140614,9.397501945495605,180900.0
1992-11-18,9.397505060205319,9.537766329760622,9.397505060205319,9.491012573242188,122000.0
1992-11-19,9.537768363952637,9.5845221304426,9.44426083097271,9.537768363952637,57800.0
1992-11-20,9.537767531232136,9.771536343272139,9.303998719192132,9.584521293640137,207300.0
1992-11-23,9.584518699830282,9.72477994909609,9.584518699830282,9.67802619934082,68100.0
1992-11-24,9.5845208327736,9.86504339373283,9.5845208327736,9.771535873413086,75000.0
1992-11-25,9.865040914067682,9.95854841088349,9.818287165659779,9.911794662475586,75600.0
1992-11-27,9.865042864192615,10.285826683044434,9.865042864192615,10.285826683044434,118400.0
1992-11-30,10.379333877563477,10.56634890238444,10.379333877563477,10.5195951461792,201700.0
1992-12-01,10.379333877563477,10.56634890238444,10.285826365152996,10.5195951461792,148400.0
1992-12-02,10.472840874443227,10.472840874443227,10.285825858828169,10.332579612731934,61000.0
1992-12-03,10.192316735232318,10.239070481724209,10.052055495756644,10.098809242248535,74500.0
1992-12-04,10.052056741940467,10.052056741940467,9.7247804759238,9.865041732788086,104300.0
1992-12-07,10.098811652443626,10.332580440694635,9.72478159124201,10.285826683044434,98100.0
1992-12-08,10.472837448120117,10.566344925335477,10.37932997090476,10.472837448120117,94800.0
1992-12-09,10.285826300695744,10.332580056607998,10.052057521134477,10.145565032958984,98000.0
1992-12-10,10.19231853041538,10.239072285142056,10.052057266235352,10.052057266235352,87100.0
1992-12-11,10.192318788871239,10.239072544783491,9.911796253397718,10.145565032958984,48200.0
1992-12-14,10.145561362625262,10.239068840621808,10.145561362625262,10.192315101623535,115000.0
1992-12-15,10.426083709512438,10.519591186727798,10.33257623229708,10.472837448120117,83400.0
1992-12-16,10.56634767814602,10.613101428934277,10.42608642578125,10.42608642578125,104000.0
1992-12-17,10.753365395891615,10.800119158482449,10.65985787070995,10.706611633300781,102900.0
1992-12-18,10.753361701965332,10.800115448495616,10.61310046237448,10.753361701965332,60300.0
1992-12-21,10.753360463861833,10.80011420500906,10.659852981567383,10.659852981567383,60600.0
1992-12-22,10.613102658589682,10.659856414794922,10.5195951461792,10.5195951461792,54100.0
1992-12-23,10.472841389973958,10.5195951461792,10.426087633768718,10.5195951461792,55600.0
1992-12-24,10.472837448120117,10.519591186727798,10.472837448120117,10.472837448120117,14700.0
1992-12-28,10.379330057616627,10.379330057616627,10.145561362625262,10.192315101623535,46300.0
1992-12-29,10.33257623229708,10.519591186727798,10.285822493689402,10.472837448120117,96900.0
1992-12-30,10.37932997090476,10.566344925335477,10.33257623229708,10.472837448120117,29900.0
1992-12-31,10.56634890238444,10.659856414794922,10.5195951461792,10.5195951461792,29900.0
1993-01-04,10.566348206104161,10.613101959228516,10.379333193606742,10.613101959228516,43700.0
1993-01-05,10.706609981916683,10.846871248055331,10.659856226537135,10.800117492675781,55200.0
1993-01-06,10.5195951461792,10.613102658589682,10.379333877563477,10.5195951461792,49700.0
1993-01-07,10.472841713645241,10.472841713645241,10.19231916774403,10.285826683044434,30900.0
1993-01-08,10.098809242248535,10.192316735232318,10.098809242248535,10.098809242248535,122300.0
1993-01-11,10.052057521134477,10.192318788871239,10.052057521134477,10.145565032958984,45100.0
1993-01-12,10.145565032958984,10.145565032958984,10.052057521134477,10.145565032958984,44000.0
1993-01-13,10.192318788871239,10.192318788871239,10.052057521134477,10.145565032958984,61000.0
1993-01-14,10.192316735232318,10.239070481724209,10.052055495756644,10.098809242248535,58000.0
1993-01-15,10.040667775715367,10.136293183103133,9.945042368327602,9.992855072021484,224400.0
1993-01-18,9.992854831332252,10.088480236416771,9.992854831332252,10.040667533874512,76700.0
1993-01-19,10.136293874722776,10.231919288635254,10.088481167766536,10.231919288635254,44900.0
1993-01-20,10.088480949401855,10.136293655323191,10.04066824348052,10.088480949401855,70900.0
1993-01-21,10.088479991291845,10.375356199575025,10.088479991291845,10.279730796813965,31600.0
1993-01-22,10.279732211943596,10.42317033583118,10.231919503981068,10.375357627868652,43100.0
1993-01-25,10.375357382888096,10.518795503388851,10.375357382888096,10.42317008972168,35400.0
1993-01-26,10.710042497753042,10.90129325664149,10.710042497753042,10.805667877197266,78900.0
1993-01-27,10.71004900649258,10.757861725271566,10.470985412597656,10.470985412597656,64500.0
1993-01-28,10.470985412597656,10.614423568934612,10.470985412597656,10.470985412597656,52200.0
1993-01-29,10.2797317730872,10.2797317730872,10.04066824348052,10.088480949401855,79500.0
1993-02-01,10.088480479409249,10.088480479409249,9.945042368327602,9.992855072021484,57000.0
1993-02-02,9.897231351982041,9.897231351982041,9.75379321644607,9.849418640136719,74700.0
1993-02-03,9.753791553552071,9.992855072021484,9.753791553552071,9.992855072021484,130200.0
1993-02-04,10.04066824348052,10.184106361244528,9.992855537559185,10.088480949401855,97000.0
1993-02-05,10.184106826782227,10.327544951103103,10.184106826782227,10.184106826782227,91100.0
1993-02-08,10.231919534889187,10.279732242996145,10.136294118675268,10.184106826782227,57200.0
1993-02-09,9.945045729190255,9.945045729190255,9.801607569634626,9.897233009338379,49200.0
1993-02-10,9.801605722587096,9.801605722587096,9.658167590061431,9.70598030090332,78100.0
1993-02-11,9.753793011745207,9.753793011745207,9.610354879219543,9.70598030090332,46400.0
1993-02-12,9.70598030090332,9.801605722587096,9.658167590061431,9.70598030090332,45400.0
1993-02-16,9.99285677567269,10.088482199363337,9.849418640136719,9.849418640136719,141300.0
1993-02-17,10.04066824348052,10.136293655323191,9.992855537559185,10.088480949401855,105200.0
1993-02-18,10.184105886797015,10.184105886797015,9.945042368327602,9.992855072021484,93900.0
1993-02-19,10.088480236416771,10.136292938959032,9.945042128789993,10.040667533874512,166800.0
1993-02-22,9.992858117481447,10.231921708808754,9.992858117481447,10.136296272277832,88000.0
1993-02-23,9.897229426247733,10.32754374912807,9.897229426247733,10.040667533874512,74800.0
1993-02-24,9.94504625273914,9.992858975108076,9.801608085632324,9.801608085632324,92200.0
1993-02-25,9.801604257245954,9.992855072021484,9.801604257245954,9.992855072021484,46400.0
1993-02-26,9.99285677567269,10.040669487518013,9.849418640136719,9.849418640136719,58900.0
1993-03-01,10.040670835746909,10.184108990543294,9.945045399215985,10.136296272277832,89100.0
1993-03-02,10.136292692672376,10.279730796813965,10.088479991291845,10.279730796813965,50700.0
1993-03-03,10.279730796813965,10.279730796813965,10.184105394052905,10.279730796813965,51800.0
1993-03-04,10.231921637499774,10.327547073364258,10.184108919567532,10.327547073364258,44200.0
1993-03-05,10.231919262387338,10.42317008972168,10.231919262387338,10.42317008972168,45600.0
1993-03-08,10.470982796555266,10.518795503388851,10.32754467605451,10.42317008972168,85300.0
1993-03-09,10.423172509228742,10.470985227160984,10.327547073364258,10.327547073364258,101000.0
1993-03-10,10.375359975039688,10.518798131376641,10.327547256260702,10.470985412597656,58200.0
1993-03-11,10.518794059753418,10.61441946029663,10.518794059753418,10.518794059753418,114000.0
1993-03-12,10.423172509228742,10.423172509228742,10.327547073364258,10.327547073364258,47500.0
1993-03-15,10.375355958938599,10.61441946029663,10.375355958938599,10.518794059753418,39000.0
1993-03-16,10.470981359481812,10.662232160568237,10.470981359481812,10.518794059753418,56300.0
1993-03-17,10.42317033583118,10.42317033583118,10.327544919906124,10.375357627868652,42800.0
1993-03-18,10.375357627868652,10.42317033583118,10.327544919906124,10.375357627868652,42400.0
1993-03-19,10.61441946029663,10.710044860839844,10.470981359481812,10.518794059753418,96200.0
1993-03-22,10.518799257708027,10.662237429404044,10.423173809910681,10.614424705505371,74600.0
1993-03-23,10.5187966704908,10.566609382629395,10.423171246213611,10.566609382629395,54300.0
1993-03-24,10.375357382888096,10.566608210222437,10.32754467605451,10.42317008972168,61700.0
1993-03-25,10.279734355432016,10.327547073364258,10.184108919567532,10.327547073364258,42900.0
1993-03-26,10.375357659210062,10.375357659210062,10.184106826782227,10.184106826782227,31000.0
1993-03-29,10.088480949401855,10.136293655323191,9.992855537559185,10.088480949401855,47100.0
1993-03-30,10.231919534889187,10.279732242996145,10.184106826782227,10.184106826782227,50200.0
1993-03-31,10.184106826782227,10.231919534889187,10.08848141056831,10.184106826782227,49800.0
1993-04-01,10.184105394052905,10.327543498194496,10.184105394052905,10.279730796813965,34000.0
1993-04-02,10.327544951103103,10.375357659210062,10.136294118675268,10.184106826782227,66200.0
1993-04-05,10.040667533874512,10.136292938959032,9.945042128789993,10.040667533874512,34400.0
1993-04-06,10.136292938959032,10.136292938959032,9.992854831332252,10.040667533874512,48900.0
1993-04-07,9.801605928291394,9.849418640136719,9.75379321644607,9.849418640136719,66200.0
1993-04-08,9.897229664633718,10.088480479409249,9.849416960939836,9.992855072021484,71900.0
1993-04-12,10.088480949401855,10.184106361244528,9.992855537559185,10.088480949401855,31400.0
1993-04-13,10.279734355432016,10.470985227160984,10.231921637499774,10.327547073364258,75500.0
1993-04-14,10.423172693818673,10.518798131376641,10.423172693818673,10.470985412597656,33300.0
1993-04-15,10.518794059753418,10.61441946029663,10.423168659210205,10.518794059753418,51400.0
1993-04-16,10.327543498194496,10.375356199575025,10.184105394052905,10.279730796813965,18500.0
1993-04-19,10.184108990543294,10.231921708808754,10.08848355401237,10.136296272277832,49200.0
1993-04-20,10.136294118675268,10.184106826782227,10.04066870246135,10.184106826782227,61800.0
1993-04-21,10.08848355401237,10.136296272277832,9.945045399215985,10.136296272277832,78900.0
1993-04-22,10.231919503981068,10.42317033583118,10.13629408805601,10.375357627868652,70500.0
1993-04-23,10.375357382888096,10.470982796555266,10.32754467605451,10.42317008972168,36400.0
1993-04-26,10.470981602336085,10.470981602336085,10.231918095433436,10.279730796813965,107500.0
1993-04-27,10.32754467605451,10.42317008972168,10.279731969220924,10.42317008972168,60500.0
1993-04-28,10.184105641501292,10.184105641501292,9.992854831332252,10.040667533874512,87000.0
1993-04-29,10.040667775715367,10.040667775715367,9.945042368327602,9.992855072021484,53600.0
1993-04-30,10.040668019881615,10.040668019881615,9.945042610168457,9.945042610168457,57000.0
1993-05-03,9.849420289486503,9.945045729190255,9.849420289486503,9.897233009338379,32400.0
1993-05-04,10.136294118675268,10.184106826782227,10.04066870246135,10.184106826782227,48100.0
1993-05-05,10.040670835746909,10.136296272277832,10.040670835746909,10.136296272277832,90600.0
1993-05-06,10.231921637499774,10.423172509228742,10.231921637499774,10.327547073364258,262900.0
1993-05-07,10.423172693818673,10.518798131376641,10.423172693818673,10.470985412597656,126500.0
1993-05-10,10.470985227160984,10.470985227160984,10.231921637499774,10.327547073364258,96400.0
1993-05-11,10.231919288635254,10.279731995591494,10.136293874722776,10.231919288635254,103700.0
1993-05-12,10.327544702547733,10.375357409503973,10.231919288635254,10.231919288635254,98700.0
1993-05-13,10.136292938959032,10.184105641501292,9.897229426247733,10.040667533874512,249400.0
1993-05-14,9.849417200455298,9.992855315025036,9.849417200455298,9.945042610168457,181900.0
1993-05-17,9.849417200455298,9.945042610168457,9.849417200455298,9.945042610168457,48900.0
1993-05-18,9.753793716430664,9.753793716430664,9.562542859245749,9.753793716430664,136900.0
1993-05-19,9.562542859245749,9.753793716430664,9.466917430653291,9.753793716430664,192700.0
1993-05-20,9.562539335471302,9.610352032148658,9.419101245439231,9.514726638793945,183100.0
1993-05-21,9.562543869018555,9.801607465744018,9.51473114967346,9.562543869018555,62000.0
1993-05-24,9.419103589223985,9.61035442352295,9.371290880649244,9.61035442352295,231900.0
1993-05-25,9.514729290592427,9.514729290592427,9.32347845058052,9.371291160583496,115900.0
1993-05-26,9.27566805752841,9.4669189453125,9.227855335582387,9.4669189453125,89700.0
1993-05-27,9.514731667258523,9.562544389204545,9.419106223366477,9.4669189453125,48000.0
1993-05-28,9.514726638793945,9.562539335471302,9.371288548761875,9.514726638793945,43800.0
1993-06-01,9.658169410078997,9.945045729190255,9.658169410078997,9.897233009338379,53400.0
1993-06-02,9.94504625273914,9.94504625273914,9.801608085632324,9.801608085632324,67500.0
1993-06-03,9.897233530370201,9.897233530370201,9.658169918525509,9.801608085632324,24100.0
1993-06-04,9.610354457409853,9.658167166153186,9.419103622436523,9.419103622436523,48500.0
1993-06-07,9.514731667258523,9.562544389204545,9.419106223366477,9.4669189453125,56000.0
1993-06-08,9.562542168377655,9.801605722587096,9.466916746693878,9.70598030090332,102100.0
1993-06-09,9.70598030090332,9.753793011745207,9.658167590061431,9.70598030090332,30000.0
1993-06-10,9.658167590061431,9.70598030090332,9.610354879219543,9.70598030090332,83900.0
1993-06-11,9.705980504600747,9.849418640136719,9.705980504600747,9.849418640136719,41600.0
1993-06-14,9.897229426247733,10.040667533874512,9.849416723705474,10.040667533874512,49800.0
1993-06-15,9.945044063827366,9.945044063827366,9.75379321644607,9.849418640136719,39700.0
1993-06-16,9.705982467915751,9.705982467915751,9.562544303365272,9.658169746398926,87500.0
1993-06-17,9.705982027053832,9.705982027053832,9.562543869018555,9.562543869018555,46200.0
1993-06-18,9.658164728826014,9.753790122180726,9.514726638793945,9.514726638793945,94100.0
1993-06-21,9.801606430726892,9.94504457361558,9.753793716430664,9.753793716430664,55000.0
1993-06-22,9.849418433428985,9.897231144270872,9.658167590061431,9.70598030090332,77900.0
1993-06-23,9.801606430726892,9.89723185931935,9.753793716430664,9.753793716430664,54900.0
1993-06-24,9.753795363263386,9.897233530370201,9.705982640894447,9.801608085632324,38900.0
1993-06-25,9.849420289486503,9.897233009338379,9.801607569634626,9.897233009338379,33900.0
1993-06-28,9.945042128789993,10.040667533874512,9.897229426247733,10.040667533874512,81500.0
1993-06-29,10.040667533874512,10.088480236416771,9.945042128789993,10.040667533874512,70700.0
1993-06-30,9.992855072021484,10.088480479409249,9.897229664633718,9.992855072021484,60900.0
1993-07-01,9.992854831332252,10.136292938959032,9.992854831332252,10.040667533874512,57000.0
1993-07-02,10.040668019881615,10.088480724738194,9.801604495598719,9.945042610168457,61600.0
1993-07-06,9.84942063246623,9.945046075499883,9.610357024882099,9.658169746398926,144600.0
1993-07-07,9.562543869018555,9.65816930770874,9.562543869018555,9.562543869018555,39700.0
1993-07-08,9.466918430328368,9.610356588363647,9.466918430328368,9.562543869018555,56400.0
1993-07-09,9.466913942116587,9.514726638793945,9.275663155407162,9.514726638793945,163600.0
1993-07-12,9.4669189453125,9.514731667258523,9.323480779474432,9.4669189453125,162400.0
1993-07-13,9.562544473787634,9.801608085632324,9.466919029049757,9.801608085632324,69200.0
1993-07-14,9.801607465744018,9.801607465744018,9.466918430328368,9.562543869018555,81100.0
1993-07-15,9.37129091369319,9.466916331179856,9.37129091369319,9.419103622436523,59900.0
1993-07-16,9.27566553026901,9.323478239187923,9.180040112431184,9.227852821350098,77900.0
1993-07-19,9.466913942116587,9.562539335471302,9.419101245439231,9.514726638793945,120500.0
1993-07-20,9.466916331179856,9.51472903992319,9.37129091369319,9.419103622436523,29700.0
1993-07-21,9.466916297798726,9.61035442352295,9.466916297798726,9.61035442352295,43000.0
1993-07-22,9.51472903992319,9.51472903992319,9.419103622436523,9.419103622436523,44900.0
1993-07-23,9.51472903992319,9.51472903992319,9.37129091369319,9.419103622436523,26900.0
1993-07-26,9.419106223366477,9.4669189453125,9.323480779474432,9.4669189453125,39300.0
1993-07-27,9.753795189432578,9.753795189432578,9.610357024882099,9.658169746398926,59400.0
1993-07-28,9.70598030090332,9.801605722587096,9.70598030090332,9.70598030090332,43100.0
1993-07-29,9.849420808001263,9.849420808001263,9.705982640894447,9.801608085632324,25300.0
1993-07-30,9.753795189432578,9.753795189432578,9.658169746398926,9.658169746398926,35700.0
1993-08-02,9.751315243103925,9.945371267842312,9.702801236919328,9.896857261657715,44500.0
1993-08-03,9.751312053849544,9.896854024802524,9.751312053849544,9.848340034484863,155500.0
1993-08-04,9.848340034484863,9.896854024802524,9.751312053849544,9.848340034484863,33100.0
1993-08-05,9.702798469581795,9.702798469581795,9.557256492538068,9.654284477233887,45700.0
1993-08-06,9.848340034484863,9.896854024802524,9.799826044167204,9.848340034484863,34300.0
1993-08-09,10.09090843383205,10.187936399541973,10.042394450977088,10.139422416687012,99000.0
1993-08-10,10.042395995755502,10.09090998607316,9.848340034484863,9.848340034484863,37200.0
1993-08-11,10.090911069752481,10.23645305633545,10.090911069752481,10.23645305633545,80600.0
1993-08-12,10.284963789440337,10.333477769579206,10.139421849023728,10.187935829162598,55600.0
1993-08-13,10.139422416687012,10.284964365251897,10.09090843383205,10.139422416687012,30900.0
1993-08-16,10.33348323013376,10.527539253234863,10.33348323013376,10.527539253234863,93800.0
1993-08-17,10.527539253234863,10.624567264785416,10.479025247459589,10.527539253234863,36300.0
1993-08-18,10.721597070092553,10.867139111768017,10.673083056200731,10.770111083984375,343300.0
1993-08-19,10.673081139537777,10.673081139537777,10.381997108459473,10.381997108459473,74600.0
1993-08-20,10.479025247459589,10.673081270560692,10.430511241684313,10.527539253234863,211000.0
1993-08-23,10.527538077472007,10.673080078543048,10.479024077114993,10.624566078186035,47100.0
1993-08-24,10.527538077472007,10.624566078186035,10.479024077114993,10.624566078186035,67100.0
1993-08-25,10.624567264785416,10.673081270560692,10.479025247459589,10.527539253234863,107400.0
1993-08-26,10.479023714678004,10.624565710715197,10.430509715998937,10.576051712036133,135000.0
1993-08-27,10.673077583312988,10.721591572328048,10.624563594297928,10.673077583312988,63400.0
1993-08-30,10.721591572328048,10.721591572328048,10.57604960528287,10.673077583312988,27700.0
1993-08-31,10.673079709394262,10.673079709394262,10.527537713357068,10.576051712036133,47200.0
1993-09-01,10.527537713357068,10.673079709394262,10.479023714678004,10.576051712036133,70800.0
1993-09-02,10.381997108459473,10.43051111363919,10.333483103279756,10.381997108459473,68500.0
1993-09-03,10.430511241684313,10.624567264785416,10.430511241684313,10.527539253234863,89200.0
1993-09-07,10.479023785658287,10.576051783673641,10.333481788635254,10.333481788635254,51300.0
1993-09-08,10.333483103279756,10.43051111363919,10.333483103279756,10.381997108459473,28200.0
1993-09-09,10.284969098100039,10.43051111363919,10.284969098100039,10.381997108459473,54400.0
1993-09-10,10.333480626483297,10.430508613586426,10.236452639380166,10.430508613586426,72100.0
1993-09-13,10.43051111363919,10.479025118818907,10.381997108459473,10.381997108459473,43000.0
1993-09-14,10.479022026062012,10.52753601692341,10.381994044339216,10.479022026062012,55400.0
1993-09-15,10.187939060807793,10.284967051863106,10.090911069752481,10.23645305633545,107400.0
1993-09-16,10.139425065280138,10.23645305633545,10.042397074224825,10.23645305633545,52700.0
1993-09-17,10.2364537906199,10.333481788635254,10.187939791612223,10.333481788635254,58100.0
1993-09-20,10.187939791612223,10.333481788635254,10.139425792604545,10.333481788635254,35800.0
1993-09-21,10.236455065532796,10.236455065532796,9.945371035233284,9.993885040283203,56700.0
1993-09-22,9.896854772800353,10.042396754753298,9.79982678483172,9.945368766784668,82300.0
1993-09-23,9.848345054322808,9.848345054322808,9.654288994139106,9.751317024230957,104900.0
1993-09-24,9.363200187683105,9.411714178292863,9.266172206463592,9.363200187683105,163000.0
1993-09-27,9.557260964047256,9.848345054322808,9.557260964047256,9.751317024230957,210200.0
1993-09-28,9.799829249288521,9.945371267842312,9.751315243103925,9.896857261657715,94400.0
1993-09-29,9.896854772800353,9.993882760768983,9.79982678483172,9.945368766784668,65400.0
1993-09-30,10.042396754753298,10.042396754753298,9.896854772800353,9.945368766784668,94100.0
1993-10-01,9.799826044167204,9.896854024802524,9.751312053849544,9.848340034484863,65300.0
1993-10-04,10.042401662239662,10.13942969762362,9.993887644547684,10.09091567993164,98000.0
1993-10-05,10.23645305633545,10.284967051863106,10.139425065280138,10.23645305633545,78500.0
1993-10-06,10.23645305633545,10.333481047390762,10.187939060807793,10.23645305633545,30100.0
1993-10-07,10.284967051863106,10.284967051863106,10.187939060807793,10.23645305633545,35000.0
1993-10-08,10.23645305633545,10.23645305633545,10.139425065280138,10.23645305633545,66100.0
1993-10-11,10.139422416687012,10.187936399541973,9.993880468122127,10.139422416687012,135600.0
1993-10-12,9.799829721450806,9.84834372997284,9.605773687362671,9.702801704406738,170500.0
1993-10-13,9.50874250019016,9.702798469581795,9.46022850784225,9.654284477233887,211600.0
1993-10-14,9.508743286132812,9.605771278848453,9.508743286132812,9.508743286132812,146800.0
1993-10-15,9.557258605957031,9.605772609032956,9.508744602881107,9.557258605957031,91900.0
1993-10-18,9.411717886876579,9.654287935507417,9.411717886876579,9.60577392578125,71500.0
1993-10-19,9.65428661210888,9.65428661210888,9.508744602881107,9.557258605957031,89600.0
1993-10-20,9.751312053849544,9.848340034484863,9.702798063531885,9.848340034484863,33300.0
1993-10-21,9.799826044167204,9.945368015120183,9.751312053849544,9.848340034484863,45400.0
1993-10-22,9.848340778816038,9.945368766784668,9.848340778816038,9.945368766784668,174800.0
1993-10-25,9.896857261657715,9.993885274026908,9.896857261657715,9.896857261657715,37600.0
1993-10-26,9.896857497715713,9.945371505057457,9.751315475690483,9.799829483032227,71100.0
1993-10-27,9.751315712928772,9.799829721450806,9.654287695884705,9.702801704406738,44000.0
1993-10-28,9.702801468348738,9.896857497715713,9.702801468348738,9.799829483032227,35400.0
1993-10-29,9.848345054322808,9.848345054322808,9.751317024230957,9.751317024230957,59800.0
1993-11-01,9.557257282490633,9.605771278848453,9.508743286132812,9.508743286132812,40600.0
1993-11-02,9.50874253892407,9.50874253892407,9.314686568741946,9.411714553833008,91300.0
1993-11-03,9.411714553833008,9.5572565314696,9.363200561287476,9.411714553833008,164700.0
1993-11-04,9.363204603393873,9.460232630372047,9.314690589904785,9.314690589904785,133600.0
1993-11-05,9.21766185760498,9.21766185760498,9.023605818497506,9.21766185760498,105800.0
1993-11-08,9.072119828274376,9.314689877158717,9.023605818497506,9.21766185760498,115900.0
1993-11-09,9.120632763214928,9.120632763214928,8.926576746976313,9.072118759155273,123800.0
1993-11-10,8.975090390892438,9.072118395118302,8.684006378214846,9.023604393005371,144100.0
1993-11-11,9.023603657017583,9.023603657017583,8.878061662549559,8.926575660705566,101600.0
1993-11-12,8.926576746976313,9.169146767274581,8.926576746976313,9.072118759155273,106500.0
1993-11-15,9.217661499346374,9.266175507237671,9.072119475672485,9.169147491455078,48900.0
1993-11-16,9.217662562926611,9.363204603393873,9.169148549437523,9.314690589904785,110900.0
1993-11-17,9.314687875600962,9.460229873657227,9.266173876248873,9.460229873657227,100200.0
1993-11-18,9.411718616882961,9.460232630372047,9.266176576415699,9.314690589904785,61100.0
1993-11-19,9.314689515128968,9.314689515128968,9.12063348356378,9.169147491455078,60500.0
1993-11-22,9.169146767274581,9.217660771334236,9.02360475509562,9.072118759155273,86500.0
1993-11-23,9.02360475509562,9.072118759155273,8.926576746976313,9.072118759155273,50700.0
1993-11-24,8.975089658861576,9.023603657017583,8.878061662549559,8.926575660705566,50500.0
1993-11-26,8.926576746976313,9.169146767274581,8.926576746976313,9.072118759155273,31700.0
1993-11-29,9.460229289774992,9.654285275206274,9.41171529341717,9.508743286132812,201000.0
1993-11-30,9.605770082896566,9.896854024802524,9.508742102261248,9.848340034484863,134400.0
1993-12-01,9.84834372997284,9.896857738494873,9.654287695884705,9.702801704406738,60600.0
1993-12-02,9.993885040283203,10.09091305038304,9.896857030183366,9.993885040283203,219300.0
1993-12-03,9.99387990860712,10.187935829162598,9.99387990860712,10.187935829162598,61200.0
1993-12-06,10.284967051863106,10.333481047390762,10.23645305633545,10.23645305633545,96500.0
1993-12-07,10.236458349918975,10.236458349918975,10.042402267456055,10.042402267456055,71800.0
1993-12-08,10.381994620034861,10.527536600689555,10.381994620034861,10.430508613586426,173500.0
1993-12-09,10.479023785658287,10.527537784665963,10.333481788635254,10.333481788635254,103300.0
1993-12-10,10.576050007784808,10.576050007784808,10.430508035200614,10.479022026062012,65700.0
1993-12-13,10.43051111363919,10.527539123998624,10.333483103279756,10.381997108459473,601100.0
1993-12-14,10.284964365251897,10.333478348106858,10.09090843383205,10.139422416687012,165800.0
1993-12-15,10.479019709995814,10.479019709995814,10.187935829162598,10.187935829162598,298000.0
1993-12-16,10.236449809301467,10.284963789440337,10.139421849023728,10.187935829162598,181300.0
1993-12-17,10.333485252452347,10.381999267722076,10.18794320664316,10.284971237182617,224500.0
1993-12-20,10.381995717319873,10.576051712036133,10.381995717319873,10.576051712036133,242400.0
1993-12-21,10.673078128269742,10.867134094238281,10.673078128269742,10.867134094238281,230900.0
1993-12-22,10.77010611125401,10.867134094238281,10.721592119761876,10.867134094238281,88900.0
1993-12-23,10.915648085730417,10.964162077222552,10.673078128269742,10.867134094238281,134900.0
1993-12-27,10.770111434662823,10.867139465605732,10.624569388248462,10.818625450134277,44000.0
1993-12-28,10.8671301107491,11.012672031875205,10.770102163331698,10.964158058166504,72300.0
1993-12-29,11.061186005583906,11.109699979292607,10.915644084457803,10.964158058166504,168500.0
1993-12-30,10.818625450134277,10.867139465605732,10.721597419191369,10.818625450134277,105400.0
1993-12-31,10.721593856811523,10.77010785616361,10.673079857459435,10.721593856811523,65400.0
1994-01-03,10.721597070092553,10.818625097876197,10.721597070092553,10.770111083984375,93000.0
1994-01-04,10.818622364468045,10.964164369371202,10.818622364468045,10.915650367736816,42900.0
1994-01-05,10.867139465605732,10.867139465605732,10.770111434662823,10.818625450134277,242900.0
1994-01-06,10.964158058166504,11.012672031875205,10.915644084457803,10.964158058166504,118800.0
1994-01-07,11.109706289871879,11.158220291137695,11.061192288606062,11.158220291137695,79100.0
1994-01-10,11.2552485708463,11.497818583149021,11.2552485708463,11.449304580688477,340100.0
1994-01-11,11.400790297466775,11.449304298732592,11.109706289871879,11.158220291137695,136500.0
1994-01-12,11.206734069462481,11.35227607036459,11.206734069462481,11.255248069763184,169200.0
1994-01-13,11.206734657287598,11.255248660132999,11.109706651596795,11.206734657287598,122400.0
1994-01-14,11.255248069763184,11.35227607036459,11.206734069462481,11.255248069763184,92000.0
1994-01-17,11.400790805490608,11.497818812345846,11.352276802062988,11.352276802062988,86600.0
1994-01-18,11.497823987108594,11.546338012370656,11.400795936584473,11.400795936584473,134400.0
1994-01-19,11.400790578227932,11.497818583149021,11.303762573306845,11.449304580688477,78500.0
1994-01-20,11.594846137364707,11.643360137939453,11.546332136789959,11.643360137939453,147100.0
1994-01-21,11.546333908531736,11.594847916550776,11.352277876455572,11.497819900512695,103400.0
1994-01-24,11.289842960053841,11.38887667022975,11.141292394789973,11.19080924987793,127900.0
1994-01-25,11.042261123657227,11.141294855707963,10.943227391606488,11.042261123657227,98900.0
1994-01-26,10.992745399475098,11.042262270643905,10.844194785968677,10.992745399475098,78200.0
1994-01-27,11.141292394789973,11.289842960053841,11.091775539702018,11.19080924987793,207900.0
1994-01-28,11.388878636545948,11.487912363820262,11.388878636545948,11.438395500183105,53300.0
1994-01-31,11.48791275676499,11.63646335275764,11.48791275676499,11.586946487426758,318600.0
1994-02-01,11.487916812562107,11.487916812562107,11.289849281311035,11.289849281311035,108300.0
1994-02-02,11.339361772908793,11.537429227457418,11.339361772908793,11.438395500183105,55000.0
1994-02-03,11.240333018832736,11.240333018832736,11.09178236219618,11.1412992477417,68700.0
1994-02-04,11.042262685021688,11.091779558048692,10.497577081724655,10.646127700805664,100600.0
1994-02-07,10.54709300994873,10.943227958679199,10.54709300994873,10.89371109008789,107700.0
1994-02-08,10.893715113809662,10.992748887571569,10.794681340047758,10.844198226928711,27700.0
1994-02-09,10.695648193359375,10.745165083143446,10.54709752400716,10.695648193359375,91900.0
1994-02-10,10.448061341437224,10.596611976623535,10.34902758464635,10.596611976623535,298600.0
1994-02-11,10.150957294538909,10.249991024241728,10.1014404296875,10.1014404296875,146300.0
1994-02-14,10.150962303269583,10.497580528259277,10.150962303269583,10.497580528259277,115700.0
1994-02-15,10.497576700377575,10.79467792774675,10.497576700377575,10.745161056518555,65000.0
1994-02-16,10.695647566285851,10.943232000690616,10.695647566285851,10.844198226928711,94600.0
1994-02-17,10.794681340047758,10.893715113809662,10.745164453166804,10.844198226928711,181300.0
1994-02-18,10.79467792774675,10.79467792774675,10.646127314062163,10.745161056518555,90500.0
1994-02-22,10.54709529876709,10.54709529876709,10.398544660756286,10.54709529876709,48000.0
1994-02-23,10.844198862711588,10.844198862711588,10.695648193359375,10.695648193359375,75500.0
1994-02-24,10.695648193359375,10.745165083143446,10.596614413791231,10.695648193359375,37600.0
1994-02-25,10.943227391606488,11.091777989682594,10.943227391606488,11.042261123657227,64000.0
1994-02-28,11.240326104965884,11.438393525317707,11.19080924987793,11.19080924987793,51400.0
1994-03-01,11.190816435095382,11.240333321976335,10.844198226928711,10.844198226928711,50500.0
1994-03-02,11.042263162547144,11.537431914230872,10.992746287378772,11.4879150390625,136900.0
1994-03-03,11.240327287756879,11.487911589249322,11.19081042745839,11.388877868652344,68000.0
1994-03-04,11.487914842597405,11.586948591240485,11.487914842597405,11.537431716918945,128300.0
1994-03-07,11.537429227457418,11.537429227457418,11.388878636545948,11.438395500183105,74600.0
1994-03-08,11.289852360796823,11.339369257116108,11.190818568158255,11.240335464477539,52800.0
1994-03-09,11.240327287756879,11.388877868652344,11.19081042745839,11.388877868652344,52800.0
1994-03-10,11.438394728950833,11.586945309846298,11.339361008353855,11.388877868652344,63800.0
1994-03-11,11.438397798996304,11.438397798996304,11.19081343105266,11.339364051818848,43000.0
1994-03-14,11.339366164123803,11.487916812562107,11.289849281311035,11.289849281311035,39500.0
1994-03-15,11.339366164123803,11.438399929749338,11.289849281311035,11.289849281311035,57200.0
1994-03-16,11.141298632872733,11.289849281311035,11.042264867247196,11.289849281311035,46600.0
1994-03-17,11.289842960053841,11.339359815141796,11.141292394789973,11.19080924987793,67300.0
1994-03-18,10.9432253241539,11.190809607505798,10.89370846748352,11.091775894165039,29900.0
1994-03-21,10.94322852830629,11.190812884150324,10.893711657137484,10.992745399475098,31200.0
1994-03-22,11.141292750835419,11.141292750835419,10.99274218082428,11.091775894165039,43500.0
1994-03-23,10.992747984434429,11.38888304693657,10.992747984434429,11.289849281311035,60400.0
1994-03-24,11.091782661333475,11.388883982619193,10.695647566285851,10.844198226928711,69000.0
1994-03-25,10.745160484313963,10.992744827270506,10.695643615722656,10.89371109008789,28900.0
1994-03-28,10.893709550210096,10.943226411801959,10.745158965434502,10.794675827026367,38400.0
1994-03-29,10.84419268861823,11.09177699657755,10.794675827026367,10.794675827026367,47900.0
1994-03-30,10.695645733414409,10.695645733414409,10.398544463041787,10.596611976623535,46000.0
1994-03-31,10.54709752400716,10.695648193359375,10.448063744439018,10.695648193359375,48500.0
1994-04-04,10.49757614135742,10.54709300994873,10.398542404174805,10.398542404174805,24100.0
1994-04-05,10.497579735649957,11.289849904378254,10.497579735649957,11.1412992477417,68800.0
1994-04-06,11.09177914181271,11.190812884150324,10.79467791479987,10.992745399475098,36700.0
1994-04-07,10.94322852830629,10.992745399475098,10.893711657137484,10.992745399475098,28100.0
1994-04-08,10.99274218082428,11.141292750835419,10.99274218082428,11.091775894165039,26300.0
1994-04-11,11.091784775519686,11.388886153435392,11.091784775519686,11.240335464477539,22600.0
1994-04-12,11.388877034187317,11.388877034187317,11.091775894165039,11.091775894165039,25100.0
1994-04-13,10.893709550210096,10.943226411801959,10.794675827026367,10.794675827026367,42500.0
1994-04-14,10.49758063422309,10.794681972927517,10.49758063422309,10.695648193359375,44500.0
1994-04-15,10.596610442833967,10.745161056518555,10.547093571605771,10.745161056518555,357500.0
1994-04-18,10.745165083143446,10.94323264227973,10.695648193359375,10.695648193359375,22400.0
1994-04-19,10.695642103842639,10.84419268861823,10.695642103842639,10.794675827026367,70200.0
1994-04-20,10.695648193359375,10.745165083143446,10.596614413791231,10.695648193359375,36500.0
1994-04-21,10.646127700805664,10.695644573832668,10.596610827778662,10.646127700805664,22400.0
1994-04-22,10.745161056518555,10.844194798974947,10.695644185290359,10.745161056518555,35200.0
1994-04-25,10.745164453166804,10.893715113809662,10.745164453166804,10.844198226928711,32600.0
1994-04-26,10.943227391606488,11.042261123657227,10.89371052558112,11.042261123657227,58500.0
1994-04-28,11.190816133287218,11.240333018832736,11.09178236219618,11.1412992477417,69200.0
1994-04-29,11.240332398498268,11.38888304693657,11.240332398498268,11.289849281311035,138200.0
1994-05-02,11.289847178230119,11.438397798996304,11.289847178230119,11.339364051818848,28200.0
1994-05-03,11.240333018832736,11.240333018832736,11.1412992477417,11.1412992477417,34300.0
1994-05-04,11.042262270643905,11.09177914181271,10.893711657137484,10.992745399475098,34300.0
1994-05-05,10.94322852830629,11.042262270643905,10.893711657137484,10.992745399475098,21500.0
1994-05-06,10.893711657137484,11.09177914181271,10.893711657137484,10.992745399475098,28600.0
1994-05-09,10.992747984434429,11.38888304693657,10.992747984434429,11.289849281311035,88700.0
1994-05-10,11.487912363820262,11.537429227457418,11.438395500183105,11.438395500183105,217100.0
1994-05-11,11.38887667022975,11.438393525317707,11.19080924987793,11.19080924987793,208600.0
1994-05-12,10.943226411801959,10.943226411801959,10.794675827026367,10.794675827026367,28700.0
1994-05-13,10.79467792774675,10.79467792774675,10.646127314062163,10.745161056518555,156500.0
1994-05-16,10.745158965434502,10.84419268861823,10.695642103842639,10.794675827026367,21100.0
1994-05-17,10.844194221496581,10.992744827270506,10.794677352905273,10.89371109008789,29100.0
1994-05-18,10.794677352905273,10.89371109008789,10.745160484313963,10.89371109008789,69000.0
1994-05-19,10.794681340047758,10.893715113809662,10.794681340047758,10.844198226928711,37800.0
1994-05-20,10.844198226928711,10.893715113809662,10.844198226928711,10.844198226928711,29500.0
1994-05-23,10.943228541431338,10.943228541431338,10.745161056518555,10.745161056518555,38700.0
1994-05-24,10.695644185290359,10.844194798974947,10.695644185290359,10.745161056518555,42000.0
1994-05-25,10.547095098228098,10.596611976623535,10.398544463041787,10.596611976623535,84900.0
1994-05-26,10.547095098228098,10.695645733414409,10.547095098228098,10.596611976623535,36100.0
1994-05-27,10.596611976623535,10.596611976623535,10.497578219832661,10.596611976623535,19600.0
1994-05-31,10.497578419430155,10.596612178104024,10.44806154009322,10.54709529876709,21900.0
1994-06-01,10.398545677845295,10.398545677845295,10.150961256944216,10.299511909484863,69100.0
1994-06-02,10.299508666992187,10.448059272766113,10.299508666992187,10.398542404174805,89100.0
1994-06-03,10.34902572631836,10.398542595822274,10.299508856814445,10.34902572631836,28700.0
1994-06-06,10.299511158523929,10.349028039093755,10.200477397384276,10.249994277954102,113100.0
1994-06-07,10.249991024241728,10.299507889093137,10.051923564836091,10.1014404296875,94900.0
1994-06-08,10.249991987310528,10.34902572631836,10.150958248302697,10.34902572631836,147700.0
1994-06-09,10.249995439955331,10.249995439955331,10.150961667588613,10.200478553771973,26100.0
1994-06-10,10.1014404296875,10.249991024241728,10.1014404296875,10.1014404296875,100700.0
1994-06-13,10.051923564836091,10.200474159390318,10.00240669998468,10.1014404296875,81600.0
1994-06-14,10.101444781405254,10.29951232613869,10.101444781405254,10.200478553771973,52200.0
1994-06-15,10.299511909484863,10.349028793665079,10.249995025304647,10.299511909484863,35800.0
1994-06-16,10.200477397384276,10.249994277954102,10.101443636244623,10.249994277954102,31300.0
1994-06-17,10.249991024241728,10.249991024241728,10.051923564836091,10.1014404296875,31500.0
1994-06-20,10.051928520202637,10.101445409464718,9.952894741678472,10.051928520202637,33500.0
1994-06-21,10.051925094566535,10.051925094566535,9.804340732631399,9.95289134979248,42100.0
1994-06-22,9.952890779504823,9.952890779504823,9.804340170855498,9.853857040405273,47100.0
1994-06-23,9.507241453799903,9.556758336371777,9.457724571228027,9.457724571228027,115300.0
1994-06-24,9.408203675785167,9.408203675785167,9.160619368527662,9.259653091430664,106100.0
1994-06-27,9.2101371884346,9.507238388061523,9.2101371884346,9.507238388061523,239200.0
1994-06-28,9.507238582688935,9.754822920779793,9.507238582688935,9.705306053161621,294700.0
1994-06-29,9.853856849670409,10.002407455444335,9.804339981079101,9.903373718261719,301900.0
1994-06-30,9.903373718261719,9.952890586853027,9.903373718261719,9.903373718261719,356500.0
1994-07-01,9.903377236671817,10.200478553771973,9.903377236671817,10.200478553771973,113600.0
1994-07-05,10.00240707397461,10.101440807380298,9.952890207271764,10.00240707397461,144400.0
1994-07-06,10.002408222179508,10.002408222179508,9.903374477405453,9.95289134979248,102000.0
1994-07-07,9.90337334056892,10.101440807380298,9.90337334056892,10.00240707397461,38200.0
1994-07-08,10.002408222179508,10.101441966953562,9.95289134979248,9.95289134979248,171000.0
1994-07-11,10.349028793665079,10.44806256202551,10.299511909484863,10.299511909484863,107900.0
1994-07-12,10.249994277954102,10.299511158523929,10.200477397384276,10.249994277954102,35000.0
1994-07-13,10.349024402021797,10.54709185469207,10.349024402021797,10.448058128356934,47900.0
1994-07-14,10.448058128356934,10.596608717859638,10.398541265189365,10.448058128356934,96800.0
1994-07-15,10.547095098228098,10.596611976623535,10.448061341437224,10.596611976623535,143500.0
1994-07-18,10.60907729763851,10.759917259216309,10.60907729763851,10.759917259216309,34800.0
1994-07-19,10.659361274321498,10.709641280332448,10.558801262299596,10.609081268310547,27800.0
1994-07-20,10.458239360920434,10.458239360920434,10.307399370137928,10.35767936706543,18600.0
1994-07-21,10.257123547065548,10.458243616615853,10.257123547065548,10.307403564453125,912400.0
1994-07-22,10.357683581840702,10.407963599228276,10.206843529677972,10.307403564453125,18500.0
1994-07-25,10.257119373210426,10.407959363992932,10.257119373210426,10.35767936706543,12900.0
1994-07-26,10.257119373210426,10.35767936706543,10.206839376282923,10.35767936706543,43300.0
1994-07-27,10.156563758850098,10.156563758850098,10.005723703025591,10.156563758850098,40100.0
1994-07-28,10.25711668418546,10.25711668418546,10.106276732947439,10.206836700439453,92900.0
1994-07-29,10.206843529677972,10.307403564453125,10.10628349490282,10.307403564453125,56500.0
1994-08-01,10.206842744983913,10.458242812594353,10.206842744983913,10.407962799072266,46200.0
1994-08-02,10.407962799072266,10.458242812594353,10.357682785550177,10.407962799072266,55900.0
1994-08-03,10.35767936706543,10.458239360920434,10.206839376282923,10.35767936706543,61300.0
1994-08-04,10.35767936706543,10.407959363992932,10.307399370137928,10.35767936706543,19100.0
1994-08-05,10.257120132446289,10.357680133744783,10.206840131797042,10.257120132446289,23100.0
1994-08-08,10.357682393147394,10.458242416381836,10.257122369912954,10.458242416381836,80000.0
1994-08-09,10.357683581840702,10.458243616615853,10.307403564453125,10.307403564453125,59100.0
1994-08-10,10.357681238255795,10.609081268310547,10.357681238255795,10.609081268310547,34300.0
1994-08-11,10.55880283963853,10.609082853160618,10.407962799072266,10.407962799072266,23000.0
1994-08-12,10.659363348159431,10.759923379745842,10.609083332366227,10.709643363952637,81400.0
1994-08-15,10.860480694438136,10.860480694438136,10.759920688008153,10.810200691223145,36400.0
1994-08-16,10.810200691223145,10.910760697653126,10.810200691223145,10.810200691223145,37000.0
1994-08-17,10.910761833190918,11.011321850086686,10.910761833190918,10.910761833190918,24100.0
1994-08-18,10.860477233601507,10.910757220794107,10.759917259216309,10.759917259216309,33700.0
1994-08-19,10.860477657493101,11.011317624958284,10.75991767918298,10.961037635803223,30800.0
1994-08-22,10.860481824743033,10.961041841638801,10.759921807847263,10.910761833190918,47800.0
1994-08-23,10.961038788882169,11.162158766659823,10.961038788882169,11.061598777770996,21000.0
1994-08-24,10.961038788882169,11.111878772215409,10.961038788882169,11.061598777770996,213200.0
1994-08-25,11.011318783326583,11.111878772215409,10.961038788882169,11.061598777770996,32600.0
1994-08-26,11.061597614113344,11.061597614113344,10.860477657493101,10.961037635803223,18100.0
1994-08-29,10.910757646648163,11.011317624958284,10.860477657493101,10.961037635803223,25900.0
1994-08-30,10.910761833190918,10.961041841638801,10.860481824743033,10.910761833190918,44100.0
1994-08-31,10.910761833190918,11.011321850086686,10.910761833190918,10.910761833190918,28900.0
1994-09-01,10.910762947988292,11.011322975158691,10.910762947988292,11.011322975158691,21900.0
1994-09-02,10.961037635803223,11.162157592423466,10.961037635803223,10.961037635803223,44400.0
1994-09-06,10.961040700868118,10.961040700868118,10.759920688008153,10.810200691223145,62300.0
1994-09-07,10.659360703967867,10.659360703967867,10.55880069732666,10.55880069732666,69800.0
1994-09-08,10.508522427999056,10.508522427999056,10.357682393147394,10.458242416381836,22000.0
1994-09-09,10.357680133744783,10.357680133744783,10.206840131797042,10.257120132446289,36100.0
1994-09-12,10.357682785550177,10.55880283963853,10.357682785550177,10.407962799072266,24000.0
1994-09-13,10.307402381530174,10.458242416381836,10.257122369912954,10.458242416381836,28200.0
1994-09-14,10.35767936706543,10.35767936706543,10.206839376282923,10.35767936706543,31400.0
1994-09-15,10.307402381530174,10.508522427999056,10.307402381530174,10.458242416381836,24900.0
1994-09-16,10.458243922183389,10.508523941040039,10.357683884470086,10.508523941040039,39000.0
1994-09-19,10.407963599228276,10.407963599228276,10.257123547065548,10.307403564453125,33600.0
1994-09-20,10.156560328469348,10.206840330095433,10.056000325217177,10.106280326843262,54200.0
1994-09-21,10.156562643051148,10.156562643051148,10.005722603797913,10.056002616882324,49200.0
1994-09-22,10.106280326843262,10.156560328469348,10.056000325217177,10.106280326843262,41500.0
1994-09-23,10.106276732947439,10.206836700439453,10.055996749201432,10.206836700439453,98500.0
1994-09-26,10.156563758850098,10.257123796066436,10.056003721633761,10.156563758850098,105500.0
1994-09-27,10.10628374024193,10.257123796066436,10.056003721633761,10.156563758850098,30400.0
1994-09-28,10.156563512290395,10.407963599228276,10.156563512290395,10.307403564453125,37600.0
1994-09-29,10.257120132446289,10.357680133744783,10.10628013049855,10.257120132446289,36300.0
1994-09-30,10.206842744983913,10.55880283963853,10.206842744983913,10.407962799072266,37500.0
1994-10-03,10.307400133095536,10.307400133095536,10.206840131797042,10.257120132446289,19500.0
1994-10-04,10.357676651677474,10.357676651677474,10.156556716693446,10.206836700439453,31400.0
1994-10-05,10.25712266921997,10.25712266921997,10.005722603797913,10.056002616882324,30000.0
1994-10-06,10.10628374024193,10.206843777458268,10.056003721633761,10.156563758850098,31700.0
1994-10-07,10.206843529677972,10.357683581840702,10.206843529677972,10.307403564453125,24500.0
1994-10-10,10.307399370137928,10.407959363992932,10.257119373210426,10.35767936706543,29400.0
1994-10-11,10.357682785550177,10.407962799072266,10.30740277202809,10.407962799072266,47700.0
1994-10-12,10.508520694006057,10.659360703967867,10.458240690685454,10.55880069732666,36500.0
1994-10-13,10.558797310445911,10.860477233601507,10.558797310445911,10.759917259216309,55400.0
1994-10-14,10.759917259216309,10.860477233601507,10.759917259216309,10.759917259216309,27800.0
1994-10-17,10.910757646648163,11.011317624958284,10.910757646648163,10.961037635803223,39300.0
1994-10-18,10.961041273894134,10.961041273894134,10.860481262207031,10.860481262207031,31500.0
1994-10-19,10.759920688008153,10.860480694438136,10.65936068157817,10.810200691223145,35500.0
1994-10-20,10.81020125636348,10.860481262207031,10.709641244676378,10.860481262207031,29000.0
1994-10-21,10.609080700647263,10.609080700647263,10.508520694006057,10.55880069732666,47800.0
1994-10-24,10.55880283963853,10.609082853160618,10.357682785550177,10.407962799072266,138000.0
1994-10-25,10.357682393147394,10.458242416381836,10.357682393147394,10.458242416381836,143900.0
1994-10-26,10.458242416381836,10.508522427999056,10.407962404764616,10.458242416381836,29800.0
1994-10-27,10.458243922183389,10.55880395989669,10.357683884470086,10.508523941040039,132500.0
1994-10-28,10.508523300779817,10.759923379745842,10.508523300779817,10.709643363952637,42200.0
1994-10-31,10.810200691223145,10.910760697653126,10.759920688008153,10.810200691223145,44400.0
1994-11-01,10.860480694438136,10.961040700868118,10.759920688008153,10.810200691223145,44000.0
1994-11-02,10.810197246408908,10.860477233601507,10.759917259216309,10.759917259216309,75700.0
1994-11-03,10.759925707331243,10.810205734001016,10.6593656539917,10.6593656539917,17700.0
1994-11-04,10.659361274321498,10.659361274321498,10.508521256288645,10.609081268310547,20800.0
1994-11-07,10.609083978753342,10.609083978753342,10.458243922183389,10.508523941040039,27500.0
1994-11-08,10.458240690685454,10.55880069732666,10.458240690685454,10.55880069732666,19900.0
1994-11-09,10.6593656539917,10.759925707331243,10.6593656539917,10.6593656539917,29500.0
1994-11-10,10.659360703967867,10.70964070728847,10.55880069732666,10.55880069732666,19000.0
1994-11-11,10.458242416381836,10.558802439616276,10.357682393147394,10.458242416381836,15300.0
1994-11-14,10.35767936706543,10.458239360920434,10.257119373210426,10.35767936706543,29600.0
1994-11-15,10.458240690685454,10.55880069732666,10.40796068736485,10.55880069732666,42200.0
1994-11-16,10.558801262299596,10.659361274321498,10.458241250277695,10.609081268310547,33000.0
1994-11-17,10.508519357847936,10.508519357847936,10.35767936706543,10.35767936706543,32700.0
1994-11-18,10.307403564453125,10.307403564453125,10.257123547065548,10.307403564453125,47500.0
1994-11-21,10.206840131797042,10.257120132446289,10.10628013049855,10.257120132446289,30600.0
1994-11-22,10.156560328469348,10.206840330095433,10.106280326843262,10.106280326843262,45300.0
1994-11-23,10.005719184875488,10.005719184875488,9.905159193067695,10.005719184875488,46000.0
1994-11-25,9.704041092666154,9.754321098327637,9.653761087004671,9.754321098327637,39400.0
1994-11-28,9.80460110398912,9.80460110398912,9.653761087004671,9.754321098327637,28700.0
1994-11-29,9.754321660750952,9.854881677872095,9.653761643629808,9.804601669311523,33100.0
1994-11-30,9.754319571460467,9.8045995692515,9.603479578087367,9.704039573669434,83700.0
1994-12-01,9.603482079884364,9.603482079884364,9.502922058105469,9.502922058105469,182100.0
1994-12-02,9.452639584714268,9.704039573669434,9.452639584714268,9.704039573669434,66100.0
1994-12-05,9.704039573669434,9.8045995692515,9.704039573669434,9.704039573669434,79300.0
1994-12-06,9.8046012800567,9.905161293185486,9.754321273492307,9.854881286621094,183700.0
1994-12-07,9.854881109650602,9.905161115312085,9.754321098327637,9.754321098327637,90000.0
1994-12-08,9.854879955450693,9.9051599552234,9.653759956359863,9.653759956359863,55300.0
1994-12-09,9.653759956359863,9.754319955905277,9.553199956814447,9.653759956359863,33400.0
1994-12-12,9.6537595758784,9.8045995692515,9.553199580296333,9.704039573669434,83100.0
1994-12-13,9.653760340825425,9.704040342600557,9.603480339050293,9.603480339050293,36700.0
1994-12-14,9.653761087004671,9.80460110398912,9.653761087004671,9.754321098327637,88300.0
1994-12-15,9.8045995692515,9.8045995692515,9.603479578087367,9.704039573669434,41600.0
1994-12-16,9.754321273492307,9.905161293185486,9.754321273492307,9.854881286621094,93300.0
1994-12-19,9.905164314038826,10.106284401633522,9.85488429214015,9.9554443359375,86200.0
1994-12-20,9.95543918897159,10.156559172587178,9.95543918897159,10.005719184875488,43700.0
1994-12-21,10.005724357836174,10.156564423532197,9.905164314038826,9.9554443359375,31700.0
1994-12-22,10.106280326843262,10.206840330095433,10.056000325217177,10.106280326843262,42500.0
1994-12-23,10.156560328469348,10.206840330095433,10.106280326843262,10.106280326843262,26900.0
1994-12-27,10.20684265613556,10.20684265613556,10.005722603797913,10.056002616882324,25600.0
1994-12-28,10.106276732947439,10.25711668418546,10.106276732947439,10.206836700439453,53600.0
1994-12-29,10.156563758850098,10.206843777458268,10.056003721633761,10.156563758850098,27700.0
1994-12-30,10.056002616882324,10.156562643051148,10.056002616882324,10.056002616882324,32800.0
1995-01-03,10.156560131147796,10.257120132446289,10.056000129849304,10.257120132446289,24200.0
1995-01-04,10.156563758850098,10.156563758850098,10.005723703025591,10.156563758850098,79100.0
1995-01-05,10.005722603797913,10.056002616882324,9.854882564544678,10.056002616882324,68000.0
1995-01-06,10.055999180779384,10.156559172587178,10.005719184875488,10.005719184875488,77200.0
1995-01-09,9.754319955905277,9.754319955905277,9.653759956359863,9.653759956359863,96100.0
1995-01-10,9.754324248342803,9.9554443359375,9.754324248342803,9.9554443359375,74200.0
1995-01-11,10.005722603797913,10.056002616882324,9.955442590713501,10.056002616882324,69400.0
1995-01-12,9.95543918897159,10.055999180779384,9.905159193067695,10.005719184875488,49100.0
1995-01-13,9.955442590713501,10.056002616882324,9.90516257762909,10.056002616882324,52000.0
1995-01-16,10.156564423532197,10.156564423532197,9.9554443359375,9.9554443359375,73100.0
1995-01-17,9.80460110398912,9.80460110398912,9.653761087004671,9.754321098327637,610500.0
1995-01-18,9.704040342600557,9.804600346150822,9.603480339050293,9.603480339050293,58200.0
1995-01-19,9.553199580296333,9.704039573669434,9.553199580296333,9.704039573669434,177300.0
1995-01-20,9.735941886901855,9.735941886901855,9.632368037041198,9.735941886901855,54900.0
1995-01-23,9.528792840081293,9.632366675299567,9.425219004863017,9.58057975769043,138800.0
1995-01-24,9.580576419830322,9.580576419830322,9.32164192199707,9.425215721130371,95500.0
1995-01-25,9.425219494363535,9.580580255259639,9.373432574064834,9.528793334960938,548400.0
1995-01-26,9.528794681324678,9.735942391788258,9.528794681324678,9.684155464172363,52800.0
1995-01-27,9.632368481348431,9.787729263305664,9.632368481348431,9.787729263305664,111200.0
1995-01-30,9.735940510517842,9.735940510517842,9.477005922472154,9.58057975769043,82600.0
1995-01-31,9.684154961971526,9.787728811832185,9.580581112110869,9.735941886901855,33700.0
1995-02-01,9.735942391788258,9.735942391788258,9.528794681324678,9.684155464172363,39700.0
1995-02-02,9.735941886901855,9.839515736762515,9.684154961971526,9.735941886901855,65500.0
1995-02-03,9.735942335986586,9.787729263305664,9.528794626710276,9.787729263305664,50700.0
1995-02-06,9.68415678927773,9.89130452808581,9.632369854575709,9.839517593383789,41700.0
1995-02-07,9.943086139896373,10.046659953853627,9.83951232593912,9.994873046875,237400.0
1995-02-08,9.89130452808581,9.89130452808581,9.73594372397975,9.839517593383789,70600.0
1995-02-09,9.839513289366717,9.994874025514614,9.839513289366717,9.891300201416016,50400.0
1995-02-10,9.891304823068472,10.0984525680542,9.891304823068472,10.0984525680542,80900.0
1995-02-13,10.046665631807768,10.0984525680542,9.994878695561335,10.0984525680542,162500.0
1995-02-14,10.09844784961321,10.09844784961321,9.78772637731742,9.891300201416016,29700.0
1995-02-15,9.8913035094738,9.943090438842773,9.787729650735855,9.943090438842773,60900.0
1995-02-16,9.891303117943819,9.891303117943819,9.735942335986586,9.787729263305664,51300.0
1995-02-17,9.787729263305664,9.943090045262897,9.68415540866751,9.787729263305664,22600.0
1995-02-21,9.684154961971526,9.787728811832185,9.684154961971526,9.735941886901855,41600.0
1995-02-22,9.787730658681769,9.943091462787828,9.787730658681769,9.839517593383789,18800.0
1995-02-23,9.994878695561335,10.0984525680542,9.994878695561335,10.0984525680542,23900.0
1995-02-24,10.150238156318665,10.150238156318665,9.943090438842773,9.943090438842773,116000.0
1995-02-27,9.994875411397404,10.150236169087519,9.994875411397404,10.046662330627441,57100.0
1995-02-28,10.150237083435059,10.202024007330136,10.098450159539983,10.150237083435059,42500.0
1995-03-01,10.098451226949692,10.098451226949692,9.943090438842773,9.943090438842773,31100.0
1995-03-02,9.994876755070566,10.202024459838867,9.994876755070566,10.202024459838867,59600.0
1995-03-03,10.150239867393417,10.305600681690255,10.150239867393417,10.253813743591309,23700.0
1995-03-06,10.253813743591309,10.305600681690255,10.150239867393417,10.253813743591309,41000.0
1995-03-07,10.253813743591309,10.253813743591309,10.150239867393417,10.253813743591309,29500.0
1995-03-08,10.150236169087519,10.202023088317556,9.994875411397404,10.046662330627441,71700.0
1995-03-09,9.994874025514614,9.994874025514614,9.839513289366717,9.891300201416016,42600.0
1995-03-10,9.891299232917746,9.994873046875,9.891299232917746,9.994873046875,28300.0
1995-03-13,9.943090438842773,9.994877368211746,9.8913035094738,9.943090438842773,30400.0
1995-03-14,10.046664297580719,10.046664297580719,9.943090438842773,9.943090438842773,41100.0
1995-03-15,9.943088492167364,10.09844924985748,9.891301572937326,10.046662330627441,49200.0
1995-03-16,10.046663235644905,10.253810931225212,10.046663235644905,10.150237083435059,40100.0
1995-03-17,10.0984525680542,10.15023950430063,10.046665631807768,10.0984525680542,22200.0
1995-03-20,10.150239867393417,10.305600681690255,10.150239867393417,10.253813743591309,60200.0
1995-03-21,10.253813743591309,10.3573876197892,10.253813743591309,10.253813743591309,23300.0
1995-03-22,10.30559785512029,10.30559785512029,10.150237083435059,10.150237083435059,21500.0
1995-03-23,10.202021574854252,10.357382309496701,10.202021574854252,10.305595397949219,69200.0
1995-03-24,10.305601469360957,10.512749237589317,10.305601469360957,10.460962295532227,25700.0
1995-03-27,10.512749237589317,10.512749237589317,10.357388411418047,10.460962295532227,67600.0
1995-03-28,10.460962295532227,10.512749237589317,10.409175353475137,10.460962295532227,147400.0
1995-03-29,10.460957489761652,10.616318244560093,10.357383653229359,10.564531326293945,67100.0
1995-03-30,10.668106581525105,10.668106581525105,10.61631965637207,10.61631965637207,53200.0
1995-03-31,10.56453128925805,10.719892043511845,10.56453128925805,10.668105125427246,36900.0
1995-04-03,10.668108428733936,10.823469231094139,10.668108428733936,10.719895362854004,105400.0
1995-04-04,10.616319110760323,10.823466800726377,10.616319110760323,10.771679878234863,55000.0
1995-04-05,10.668105125427246,10.771678961596443,10.668105125427246,10.668105125427246,19000.0
1995-04-06,10.668105125427246,10.719892043511845,10.616318207342648,10.668105125427246,77900.0
1995-04-07,10.616318244560093,10.616318244560093,10.5127444080278,10.564531326293945,60200.0
1995-04-10,10.460962295532227,10.564536179646407,10.460962295532227,10.460962295532227,32000.0
1995-04-11,10.512743949890137,10.616317781908759,10.512743949890137,10.512743949890137,23400.0
1995-04-12,10.5645345604938,10.719895362854004,10.5645345604938,10.719895362854004,30500.0
1995-04-13,10.771679878234863,10.771679878234863,10.668106033251837,10.771679878234863,27400.0
1995-04-17,10.771678961596443,10.771678961596443,10.616318207342648,10.668105125427246,24900.0
1995-04-18,10.719895362854004,10.77168229697407,10.668108428733936,10.719895362854004,53000.0
1995-04-19,10.668105125427246,10.719892043511845,10.668105125427246,10.668105125427246,34500.0
1995-04-20,10.668108428733936,10.77168229697407,10.668108428733936,10.719895362854004,16300.0
1995-04-21,10.771679340380627,10.927040100097656,10.771679340380627,10.927040100097656,74600.0
1995-04-24,10.823469231094139,10.927043099334274,10.719895362854004,10.719895362854004,8900.0
1995-04-25,10.77168229697407,10.823469231094139,10.668108428733936,10.719895362854004,27200.0
1995-04-26,10.719895362854004,10.77168229697407,10.668108428733936,10.719895362854004,85600.0
1995-04-27,10.719895362854004,10.77168229697407,10.668108428733936,10.719895362854004,13100.0
1995-04-28,10.719895362854004,10.77168229697407,10.5645345604938,10.719895362854004,33800.0
1995-05-01,10.668105125427246,10.719892043511845,10.616318207342648,10.668105125427246,10500.0
1995-05-02,10.668105125427246,10.719892043511845,10.616318207342648,10.668105125427246,17700.0
1995-05-03,10.668106033251837,10.771679878234863,10.616319110760323,10.771679878234863,74400.0
1995-05-04,10.719895362854004,10.77168229697407,10.616321494613869,10.719895362854004,43000.0
1995-05-05,10.668106581525105,10.668106581525105,10.564532731219037,10.61631965637207,62700.0
1995-05-08,10.719895362854004,10.719895362854004,10.616321494613869,10.719895362854004,33400.0
1995-05-09,10.564536179646407,10.564536179646407,10.460962295532227,10.460962295532227,58200.0
1995-05-10,10.512743949890137,10.66810469791807,10.512743949890137,10.512743949890137,52400.0
1995-05-11,10.253810931225212,10.253810931225212,10.098450159539983,10.150237083435059,108300.0
1995-05-12,10.253808486401734,10.305595397949219,10.202021574854252,10.305595397949219,41700.0
1995-05-15,10.25380989074707,10.357383728027344,10.25380989074707,10.357383728027344,98500.0
1995-05-16,10.409169221044186,10.409169221044186,10.305595397949219,10.305595397949219,234700.0
1995-05-17,10.357383728027344,10.40917064666748,10.305596809387206,10.357383728027344,157800.0
1995-05-18,10.150234663306767,10.357382309496701,10.150234663306767,10.305595397949219,292600.0
1995-05-19,10.150236169087519,10.202023088317556,10.046662330627441,10.046662330627441,48000.0
1995-05-22,9.99487631174983,10.202024007330136,9.99487631174983,10.150237083435059,79700.0
1995-05-23,10.15023950430063,10.15023950430063,10.046665631807768,10.0984525680542,34000.0
1995-05-24,10.046665631807768,10.202026440547062,10.046665631807768,10.0984525680542,38600.0
1995-05-25,10.357383728027344,10.460957565307616,10.305596809387206,10.357383728027344,72700.0
1995-05-26,10.305595397949219,10.357382309496701,10.253808486401734,10.305595397949219,82400.0
1995-05-30,10.305601469360957,10.460962295532227,10.305601469360957,10.460962295532227,94300.0
1995-05-31,10.460962295532227,10.460962295532227,10.357388411418047,10.460962295532227,30100.0
1995-06-01,10.409175353475137,10.460962295532227,10.357388411418047,10.460962295532227,15100.0
1995-06-02,10.460957033880826,10.564530865899448,10.460957033880826,10.512743949890137,74000.0
1995-06-05,10.564532731219037,10.668106581525105,10.512745806066002,10.61631965637207,16600.0
1995-06-06,10.668108428733936,10.77168229697407,10.5645345604938,10.719895362854004,95000.0
1995-06-07,10.71989350667814,10.771680431831175,10.61631965637207,10.61631965637207,58300.0
1995-06-08,10.616318207342648,10.719892043511845,10.616318207342648,10.668105125427246,43100.0
1995-06-09,10.616318244560093,10.616318244560093,10.5127444080278,10.564531326293945,43200.0
1995-06-12,10.564531326293945,10.616318244560093,10.5127444080278,10.564531326293945,40300.0
1995-06-13,10.564532731219037,10.61631965637207,10.564532731219037,10.61631965637207,117100.0
1995-06-14,10.564532731219037,10.61631965637207,10.512745806066002,10.61631965637207,65600.0
1995-06-15,10.61631965637207,10.668106581525105,10.61631965637207,10.61631965637207,66000.0
1995-06-16,10.61631965637207,10.668106581525105,10.564532731219037,10.61631965637207,32800.0
1995-06-19,10.51274437117345,10.719892043511845,10.460957453088852,10.668105125427246,39800.0
1995-06-20,10.616323121703497,10.616323121703497,10.409175353475137,10.460962295532227,46500.0
1995-06-21,10.460957033880826,10.564530865899448,10.409170117871515,10.512743949890137,114100.0
1995-06-22,10.56453128925805,10.668105125427246,10.51274437117345,10.668105125427246,20800.0
1995-06-23,10.564531326293945,10.616318244560093,10.5127444080278,10.564531326293945,16000.0
1995-06-26,10.564529955686636,10.564529955686636,10.305595397949219,10.305595397949219,53400.0
1995-06-27,10.357382309496701,10.409169221044186,10.253808486401734,10.305595397949219,47700.0
1995-06-28,10.098446860832254,10.098446860832254,9.943086139896373,9.994873046875,178400.0
1995-06-29,10.098450607454717,10.202024459838867,9.994876755070566,10.202024459838867,58300.0
1995-06-30,10.202022972106933,10.357383728027344,10.150236053466797,10.357383728027344,39300.0
1995-07-03,10.357383653229359,10.564531326293945,10.253809816697066,10.564531326293945,17600.0
1995-07-05,10.512743019939062,10.564529931367334,10.40916919708252,10.40916919708252,76300.0
1995-07-06,10.409175353475137,10.460962295532227,10.305601469360957,10.460962295532227,38400.0
1995-07-07,10.460957033880826,10.512743949890137,10.357383201862204,10.512743949890137,41400.0
1995-07-10,10.409174557888146,10.460961495987092,10.202026805492363,10.253813743591309,25700.0
1995-07-11,10.253808462797705,10.40916919708252,10.253808462797705,10.40916919708252,77900.0
1995-07-12,10.512749237589317,10.512749237589317,10.357388411418047,10.460962295532227,68600.0
1995-07-13,10.40917064666748,10.40917064666748,10.305596809387206,10.357383728027344,750800.0
1995-07-14,10.357382309496701,10.357382309496701,10.253808486401734,10.305595397949219,44500.0
1995-07-17,10.40917064666748,10.460957565307616,10.357383728027344,10.357383728027344,69200.0
1995-07-18,10.409170117871515,10.512743949890137,10.305596285852893,10.512743949890137,88500.0
1995-07-19,10.409169221044186,10.409169221044186,10.305595397949219,10.305595397949219,689100.0
1995-07-20,10.305596809387206,10.40917064666748,10.305596809387206,10.357383728027344,29600.0
1995-07-21,10.253808462797705,10.40916919708252,10.253808462797705,10.40916919708252,835100.0
1995-07-24,10.357382309496701,10.409169221044186,10.305595397949219,10.305595397949219,37300.0
1995-07-25,10.305595397949219,10.357382309496701,10.305595397949219,10.305595397949219,21100.0
1995-07-26,10.305596285852893,10.512743949890137,10.305596285852893,10.512743949890137,111200.0
1995-07-27,10.512744483947753,10.512744483947753,10.357383728027344,10.357383728027344,29100.0
1995-07-28,10.357382309496701,10.357382309496701,10.305595397949219,10.305595397949219,12800.0
1995-07-31,10.305596926777634,10.357383846007671,10.046662330627441,10.046662330627441,335900.0
1995-08-01,10.150239867393417,10.305600681690255,10.150239867393417,10.253813743591309,162900.0
1995-08-02,10.40916919708252,10.512743019939062,10.357382285654248,10.40916919708252,33000.0
1995-08-03,10.3573876197892,10.409174557888146,10.253813743591309,10.253813743591309,30500.0
1995-08-04,10.460956108510791,10.460956108510791,10.40916919708252,10.40916919708252,45600.0
1995-08-07,10.460962295532227,10.512749237589317,10.409175353475137,10.460962295532227,33500.0
1995-08-08,10.56453140258789,10.56453140258789,10.357383728027344,10.357383728027344,38200.0
1995-08-09,10.40916919708252,10.460956108510791,10.40916919708252,10.40916919708252,18400.0
1995-08-10,10.512749237589317,10.564536179646407,10.409175353475137,10.460962295532227,28800.0
1995-08-11,10.460961495987092,10.512748434086038,10.202026805492363,10.253813743591309,28500.0
1995-08-14,10.202026805492363,10.305600681690255,10.150239867393417,10.253813743591309,19000.0
1995-08-15,10.150236053466797,10.40917064666748,10.150236053466797,10.357383728027344,31100.0
1995-08-16,10.56453128925805,10.719892043511845,10.56453128925805,10.668105125427246,103100.0
1995-08-17,10.77168229697407,10.77168229697407,10.668108428733936,10.719895362854004,350300.0
1995-08-18,10.77168229697407,10.77168229697407,10.719895362854004,10.719895362854004,41300.0
1995-08-21,10.77168229697407,10.875256165214207,10.719895362854004,10.719895362854004,43900.0
1995-08-22,10.771678961596443,10.771678961596443,10.616318207342648,10.668105125427246,10900.0
1995-08-23,10.66810516282624,10.66810516282624,10.564531326293945,10.564531326293945,27100.0
1995-08-24,10.564531326293945,10.66810516282624,10.564531326293945,10.564531326293945,19000.0
1995-08-25,10.616318207342648,10.668105125427246,10.56453128925805,10.668105125427246,36200.0
1995-08-28,10.56453128925805,10.771678961596443,10.56453128925805,10.668105125427246,19700.0
1995-08-29,10.61631965637207,10.668106581525105,10.61631965637207,10.61631965637207,8000.0
1995-08-30,10.66810516282624,10.66810516282624,10.564531326293945,10.564531326293945,15600.0
1995-08-31,10.56453128925805,10.668105125427246,10.51274437117345,10.668105125427246,15800.0
1995-09-01,10.564532731219037,10.668106581525105,10.564532731219037,10.61631965637207,11400.0
1995-09-05,10.875253180191981,10.978827020003333,10.875253180191981,10.927040100097656,54200.0
1995-09-06,10.978830337524414,11.030617273078775,10.927043401970055,10.978830337524414,70900.0
1995-09-07,10.978827020003333,10.978827020003333,10.875253180191981,10.927040100097656,30300.0
1995-09-08,10.927040100097656,10.978827020003333,10.927040100097656,10.927040100097656,56300.0
1995-09-11,10.927040599641346,10.978827521914527,10.875253677368164,10.875253677368164,87700.0
1995-09-12,10.823466260286304,10.927040100097656,10.823466260286304,10.927040100097656,14500.0
1995-09-13,10.875253677368164,10.927040599641346,10.823466755094982,10.875253677368164,13300.0
1995-09-14,10.978824597652828,11.13418532309131,10.978824597652828,11.082398414611816,80900.0
1995-09-15,11.030613939909008,11.082400859814685,10.875253180191981,10.927040100097656,33900.0
1995-09-18,10.97883172550112,11.08240560970396,10.875257841298279,11.030618667602539,38200.0
1995-09-19,11.082404208633136,11.082404208633136,10.927043401970055,10.978830337524414,136900.0
1995-09-20,10.875256466415694,11.030617273078775,10.875256466415694,10.978830337524414,21800.0
1995-09-21,11.030615636747177,11.341337203979492,11.030615636747177,11.341337203979492,147300.0
1995-09-22,11.289546048529795,11.289546048529795,10.978824597652828,11.082398414611816,51800.0
1995-09-25,11.13419255180538,11.13419255180538,10.97883172550112,11.030618667602539,23000.0
1995-09-26,11.030611506132322,11.185972231570807,10.978824597652828,11.082398414611816,40900.0
1995-09-27,11.03061367034912,11.652056694030762,10.978826751708985,11.652056694030762,213400.0
1995-09-28,11.80741553883916,12.014563179871427,11.496694077290762,11.548480987548828,494600.0
1995-09-29,11.652058150087083,11.703845075198581,11.600271224975586,11.600271224975586,61900.0
1995-10-02,11.496698379516602,11.652059168428988,11.44491144987914,11.496698379516602,52800.0
1995-10-03,11.548485309154064,11.548485309154064,11.44491144987914,11.496698379516602,38000.0
1995-10-04,11.341337147881003,11.444911003112793,11.341337147881003,11.444911003112793,164600.0
1995-10-05,11.341333853114735,11.496694590828636,11.289546940543435,11.393120765686035,30200.0
1995-10-06,11.39311982951033,11.39311982951033,11.185972196246507,11.289546012878418,46600.0
1995-10-09,11.185976420363335,11.393124131851545,11.08240256461923,11.341337203979492,102100.0
1995-10-10,10.92704189211823,11.341337319307549,10.92704189211823,11.13418960571289,53700.0
1995-10-11,11.030611506132322,11.13418532309131,11.030611506132322,11.082398414611816,57900.0
1995-10-12,11.393124075496898,11.548484858344583,11.341337147881003,11.444911003112793,140400.0
1995-10-13,11.703844524165081,11.807418369511675,11.652057601491785,11.755631446838379,71300.0
1995-10-16,11.807421172029587,11.962781976924713,11.807421172029587,11.859208106994629,90200.0
1995-10-17,11.80741744995117,11.80741744995117,11.652056694030762,11.652056694030762,64000.0
1995-10-18,11.652061897041524,11.91099660586467,11.652061897041524,11.703848838806152,68200.0
1995-10-19,11.65206087263007,11.807421684265137,11.65206087263007,11.807421684265137,161900.0
1995-10-20,11.703844524165081,11.859205292184972,11.703844524165081,11.755631446838379,31700.0
1995-10-23,11.703841718323028,11.80741553883916,11.548480987548828,11.548480987548828,37900.0
1995-10-24,11.600271785960478,11.600271785960478,11.393124075496898,11.444911003112793,29000.0
1995-10-25,11.393124075496898,11.496697930728688,11.393124075496898,11.444911003112793,15000.0
1995-10-26,11.444911059723598,11.444911059723598,11.237763348235386,11.341337203979492,101900.0
1995-10-27,11.28955027610744,11.341337203979492,11.08240256461923,11.341337203979492,67100.0
1995-10-30,11.28955027610744,11.444911059723598,11.237763348235386,11.341337203979492,27900.0
1995-10-31,11.393120765686035,11.444907678257335,11.393120765686035,11.393120765686035,20000.0
1995-11-01,11.289546012878418,11.444906737826287,11.289546012878418,11.289546012878418,18200.0
1995-11-02,11.341337203979492,11.496697987595649,11.341337203979492,11.341337203979492,53800.0
1995-11-03,11.289551291048252,11.289551291048252,11.237764358520508,11.237764358520508,57400.0
1995-11-06,11.289546012878418,11.39311982951033,11.237759104562462,11.289546012878418,30000.0
1995-11-07,11.237763912589463,11.237763912589463,11.134190051643937,11.1859769821167,16000.0
1995-11-08,11.185972196246507,11.39311982951033,11.185972196246507,11.289546012878418,36100.0
1995-11-09,11.237762749195099,11.652058150087083,11.1859758240836,11.600271224975586,80200.0
1995-11-10,11.600268415971236,11.600268415971236,11.341333853114735,11.393120765686035,15400.0
1995-11-13,11.289551291048252,11.289551291048252,11.134190493465018,11.237764358520508,29300.0
1995-11-14,11.28955027610744,11.393124131851545,11.28955027610744,11.341337203979492,183800.0
1995-11-15,11.341337203979492,11.393124131851545,11.28955027610744,11.341337203979492,22300.0
1995-11-16,11.341333853114735,11.496694590828636,11.341333853114735,11.393120765686035,93000.0
1995-11-17,11.444906737826287,11.444906737826287,11.185972196246507,11.289546012878418,37500.0
1995-11-20,11.237759104562462,11.289546012878418,11.185972196246507,11.289546012878418,35800.0
1995-11-21,11.1859769821167,11.237763912589463,11.134190051643937,11.1859769821167,18300.0
1995-11-22,11.082403121171174,11.289550843062225,11.082403121171174,11.1859769821167,29100.0
1995-11-24,11.082398414611816,11.13418532309131,11.082398414611816,11.082398414611816,4800.0
1995-11-27,11.13418960571289,11.23776346251022,11.13418960571289,11.13418960571289,26800.0
1995-11-28,11.082403121171174,11.289550843062225,11.082403121171174,11.1859769821167,42900.0
1995-11-29,10.97883172550112,11.030618667602539,10.9270447833997,11.030618667602539,97100.0
1995-11-30,11.134190493465018,11.289551291048252,11.134190493465018,11.237764358520508,202800.0
1995-12-01,11.1859769821167,11.237763912589463,11.082403121171174,11.1859769821167,41400.0
1995-12-04,11.185976534111555,11.185976534111555,11.03061574891556,11.13418960571289,39100.0
1995-12-05,11.082403121171174,11.237763912589463,11.082403121171174,11.1859769821167,85800.0
1995-12-06,11.1859769821167,11.289550843062225,11.1859769821167,11.1859769821167,20200.0
1995-12-07,11.237763348235386,11.393124131851545,11.237763348235386,11.341337203979492,48800.0
1995-12-08,11.393124247706213,11.393124247706213,11.13418960571289,11.13418960571289,54600.0
1995-12-11,11.237760027972135,11.496694590828636,11.237760027972135,11.393120765686035,50300.0
1995-12-12,11.341333853114735,11.444907678257335,11.289546940543435,11.393120765686035,27900.0
1995-12-13,11.444912079978891,11.652059809933261,11.444912079978891,11.626166343688965,74700.0
1995-12-14,11.600267897806896,11.652054808064962,11.496694077290762,11.548480987548828,69800.0
1995-12-15,11.496698379516602,11.548485309154064,11.496698379516602,11.496698379516602,21100.0
1995-12-18,11.393119865488783,11.393119865488783,11.082398414611816,11.082398414611816,60900.0
1995-12-19,11.134190051643937,11.289550843062225,11.134190051643937,11.1859769821167,26300.0
1995-12-20,11.134190051643937,11.1859769821167,11.082403121171174,11.1859769821167,37400.0
1995-12-21,11.289550660966754,11.496698379516602,11.289550660966754,11.496698379516602,45600.0
1995-12-22,11.341338223575995,11.39312515610374,11.082403560937275,11.237764358520508,50300.0
1995-12-26,11.393124075496898,11.444911003112793,11.341337147881003,11.444911003112793,21400.0
1995-12-27,11.807418369511675,11.910992214858268,11.755631446838379,11.755631446838379,257000.0
1995-12-28,11.807421172029587,11.910995041959671,11.807421172029587,11.859208106994629,27400.0
1995-12-29,11.859202849346659,11.96277667335842,11.859202849346659,11.910989761352539,26000.0
1996-01-02,11.85920458881795,12.325286865234375,11.85920458881795,12.325286865234375,105700.0
1996-01-03,12.118144385422333,12.273505210876465,12.014570501786244,12.273505210876465,107400.0
1996-01-04,11.962783547629298,12.014570489393927,11.703848838806152,11.703848838806152,39600.0
1996-01-05,11.703844524165081,11.807418369511675,11.703844524165081,11.755631446838379,47700.0
1996-01-08,11.548484299864088,11.75563200031008,11.548484299864088,11.600271224975586,7700.0
1996-01-09,11.496697930728688,11.548484858344583,11.393124075496898,11.444911003112793,12700.0
1996-01-10,11.548484858344583,11.548484858344583,11.444911003112793,11.444911003112793,11300.0
1996-01-11,11.548484858344583,11.600271785960478,11.444911003112793,11.444911003112793,10500.0
1996-01-12,11.444911059723598,11.444911059723598,11.341337203979492,11.341337203979492,24600.0
1996-01-15,11.289551291048252,11.341338223575995,11.237764358520508,11.237764358520508,12600.0
1996-01-16,11.289546940543435,11.444907678257335,11.289546940543435,11.393120765686035,23600.0
1996-01-17,11.444911059723598,11.444911059723598,11.237763348235386,11.341337203979492,16100.0
1996-01-18,11.341337147881003,11.444911003112793,11.341337147881003,11.444911003112793,10200.0
1996-01-19,11.341333853114735,11.393120765686035,11.341333853114735,11.393120765686035,21100.0
1996-01-22,11.289546940543435,11.496694590828636,11.237760027972135,11.393120765686035,19200.0
1996-01-23,11.341333853114735,11.444907678257335,11.341333853114735,11.393120765686035,11000.0
1996-01-24,11.341337590604216,11.548485309154064,11.341337590604216,11.496698379516602,26400.0
1996-01-25,11.496694590828636,11.548481503399936,11.341333853114735,11.393120765686035,21200.0
1996-01-26,11.341332921194374,11.39311982951033,11.185972196246507,11.289546012878418,17200.0
1996-01-29,11.341338223575995,11.341338223575995,11.237764358520508,11.237764358520508,12700.0
1996-01-30,11.185977425992762,11.341338223575995,11.134190493465018,11.237764358520508,85500.0
1996-01-31,11.13418960571289,11.13418960571289,11.03061574891556,11.13418960571289,29700.0
1996-02-01,11.082404208633136,11.082404208633136,10.927043401970055,10.978830337524414,66600.0
1996-02-02,10.875253180191981,11.030613939909008,10.875253180191981,10.927040100097656,74600.0
1996-02-05,11.03061574891556,11.13418960571289,11.03061574891556,11.13418960571289,99900.0
1996-02-06,11.082403560937275,11.237764358520508,11.082403560937275,11.237764358520508,68100.0
1996-02-07,11.1859769821167,11.289550843062225,11.134190051643937,11.1859769821167,165100.0
1996-02-08,11.134190051643937,11.237763912589463,11.134190051643937,11.1859769821167,15700.0
1996-02-09,11.13418528793055,11.341332921194374,11.13418528793055,11.289546012878418,260300.0
1996-02-12,11.289550220265108,11.496697930728688,11.237763292649213,11.444911003112793,80400.0
1996-02-13,11.393124520241678,11.600272238791526,11.341337590604216,11.496698379516602,166300.0
1996-02-14,11.444909019470215,11.703843612670898,11.444909019470215,11.652056694030762,240500.0
1996-02-15,11.65206087263007,11.807421684265137,11.65206087263007,11.807421684265137,58100.0
1996-02-16,11.703848838806152,11.755635780570781,11.548488013512266,11.703848838806152,48500.0
1996-02-20,11.289546012878418,11.341332921194374,11.237759104562462,11.289546012878418,132000.0
1996-02-21,11.341337203979492,11.341337203979492,11.237763348235386,11.341337203979492,29800.0
1996-02-22,11.444907678257335,11.496694590828636,11.341333853114735,11.393120765686035,16500.0
1996-02-23,11.444911003112793,11.548484858344583,11.341337147881003,11.444911003112793,23500.0
1996-02-26,11.39312515610374,11.39312515610374,11.185977425992762,11.237764358520508,70900.0
1996-02-27,11.1859769821167,11.289550843062225,11.082403121171174,11.1859769821167,12800.0
1996-02-28,11.185977425992762,11.289551291048252,11.134190493465018,11.237764358520508,29700.0
1996-02-29,11.1859769821167,11.1859769821167,11.082403121171174,11.1859769821167,19500.0
1996-03-01,11.1859769821167,11.289550843062225,11.082403121171174,11.1859769821167,20900.0
1996-03-04,11.185973115400834,11.444907678257335,11.134186202829534,11.393120765686035,15700.0
1996-03-05,11.289546012878418,11.289546012878418,11.185972196246507,11.289546012878418,78100.0
1996-03-06,11.289551291048252,11.289551291048252,11.185977425992762,11.237764358520508,23600.0
1996-03-07,11.1859769821167,11.1859769821167,11.082403121171174,11.1859769821167,81000.0
1996-03-08,11.082401877955386,11.082401877955386,10.719893405311986,10.823467254638672,86000.0
1996-03-11,10.823470899196858,11.030618667602539,10.771683957095437,11.030618667602539,164200.0
1996-03-12,10.978828028628701,10.978828028628701,10.823467254638672,10.823467254638672,20700.0
1996-03-13,10.823466755094982,10.875253677368164,10.7716798328218,10.875253677368164,34700.0
1996-03-14,10.978824597652828,11.082398414611816,10.927037689173334,11.082398414611816,104900.0
1996-03-15,10.978827020003333,10.978827020003333,10.823466260286304,10.927040100097656,22200.0
1996-03-18,10.875256466415694,11.030617273078775,10.875256466415694,10.978830337524414,89900.0
1996-03-19,11.08240560970396,11.13419255180538,11.030618667602539,11.030618667602539,40800.0
1996-03-20,10.97883172550112,11.185979493906801,10.97883172550112,11.030618667602539,32000.0
1996-03-21,11.13418960571289,11.23776346251022,11.13418960571289,11.13418960571289,19000.0
1996-03-22,11.134190051643937,11.237763912589463,11.082403121171174,11.1859769821167,255800.0
1996-03-25,11.082398414611816,11.082398414611816,10.978824597652828,11.082398414611816,110500.0
1996-03-26,10.927040599641346,10.927040599641346,10.823466755094982,10.875253677368164,91100.0
1996-03-27,10.823466755094982,10.927040599641346,10.7716798328218,10.875253677368164,23400.0
1996-03-28,10.927043401970055,10.978830337524414,10.823469530861333,10.978830337524414,20400.0
1996-03-29,10.823466755094982,10.875253677368164,10.823466755094982,10.875253677368164,12600.0
1996-04-01,10.823466755094982,10.927040599641346,10.823466755094982,10.875253677368164,20200.0
1996-04-02,10.668108428733936,10.77168229697407,10.616321494613869,10.719895362854004,240900.0
1996-04-03,10.668105125427246,10.668105125427246,10.56453128925805,10.668105125427246,75100.0
1996-04-04,10.616318207342648,10.668105125427246,10.616318207342648,10.668105125427246,137300.0
1996-04-08,10.512749237589317,10.616323121703497,10.409175353475137,10.460962295532227,27100.0
1996-04-09,10.512747626373733,10.875256165214207,10.512747626373733,10.719895362854004,108900.0
1996-04-10,10.771680329975329,10.978828028628701,10.771680329975329,10.823467254638672,46800.0
1996-04-11,10.823465879681041,10.823465879681041,10.616318207342648,10.668105125427246,78700.0
1996-04-12,10.71989291054862,10.927040599641346,10.71989291054862,10.875253677368164,45800.0
1996-04-15,11.030616190698412,11.237763912589463,10.97882926022565,11.1859769821167,172700.0
1996-04-16,11.237764358520508,11.289551291048252,11.237764358520508,11.237764358520508,32800.0
1996-04-17,11.185979493906801,11.185979493906801,11.030618667602539,11.030618667602539,32500.0
1996-04-18,11.185976420363335,11.341337203979492,11.185976420363335,11.341337203979492,33900.0
1996-04-19,11.393120765686035,11.548481503399936,11.341333853114735,11.393120765686035,94600.0
1996-04-22,11.341332921194374,11.444906737826287,11.237759104562462,11.289546012878418,64800.0
1996-04-23,11.341337203979492,11.393124131851545,11.237763348235386,11.341337203979492,19400.0
1996-04-24,11.341337319307549,11.341337319307549,11.082402677314226,11.13418960571289,47700.0
1996-04-25,11.082402677314226,11.13418960571289,10.978828820516895,11.13418960571289,35000.0
1996-04-26,11.13418532309131,11.185972231570807,11.082398414611816,11.082398414611816,15400.0
1996-04-29,10.97883172550112,11.030618667602539,10.875257841298279,11.030618667602539,14800.0
1996-04-30,10.97883172550112,11.08240560970396,10.9270447833997,11.030618667602539,22100.0
1996-05-01,10.978827521914527,10.978827521914527,10.823466755094982,10.875253677368164,25600.0
1996-05-02,10.875256165214207,10.875256165214207,10.668108428733936,10.719895362854004,31700.0
1996-05-03,10.719893405311986,10.927041103965358,10.719893405311986,10.823467254638672,19200.0
1996-05-06,10.875253180191981,11.030613939909008,10.823466260286304,10.927040100097656,95000.0
1996-05-07,10.927041103965358,10.927041103965358,10.771680329975329,10.823467254638672,30200.0
1996-05-08,10.771682595306972,10.978830337524414,10.771682595306972,10.978830337524414,54500.0
1996-05-09,10.927043401970055,11.082404208633136,10.927043401970055,10.978830337524414,12700.0
1996-05-10,11.082398414611816,11.13418532309131,11.082398414611816,11.082398414611816,56100.0
1996-05-13,11.134190493465018,11.289551291048252,11.082403560937275,11.237764358520508,47900.0
1996-05-14,11.237763912589463,11.237763912589463,11.1859769821167,11.1859769821167,36000.0
1996-05-15,11.08240560970396,11.13419255180538,10.97883172550112,11.030618667602539,22800.0
1996-05-16,10.9270447833997,11.08240560970396,10.9270447833997,11.030618667602539,41400.0
1996-05-17,11.13418528793055,11.289546012878418,11.13418528793055,11.289546012878418,23000.0
1996-05-20,11.237763348235386,11.341337203979492,11.237763348235386,11.341337203979492,16900.0
1996-05-21,11.237764358520508,11.341338223575995,11.185977425992762,11.237764358520508,121800.0
1996-05-22,11.237763348235386,11.341337203979492,11.185976420363335,11.341337203979492,72800.0
1996-05-23,11.237763912589463,11.289550843062225,11.134190051643937,11.1859769821167,21900.0
1996-05-24,11.185972231570807,11.185972231570807,10.978824597652828,11.082398414611816,36400.0
1996-05-28,11.082398414611816,11.185972231570807,10.978824597652828,11.082398414611816,20200.0
1996-05-29,11.082398379614594,11.341332921194374,11.082398379614594,11.289546012878418,86600.0
1996-05-30,11.289546012878418,11.341332921194374,11.185972196246507,11.289546012878418,43200.0
1996-05-31,11.341337319307549,11.341337319307549,11.13418960571289,11.13418960571289,13900.0
1996-06-03,11.082403560937275,11.237764358520508,11.082403560937275,11.237764358520508,10400.0
1996-06-04,11.237759104562462,11.289546012878418,11.185972196246507,11.289546012878418,51800.0
1996-06-05,11.23776346251022,11.341337319307549,11.082402677314226,11.13418960571289,41300.0
1996-06-06,11.134190493465018,11.289551291048252,11.134190493465018,11.237764358520508,24600.0
1996-06-07,11.134190051643937,11.237763912589463,11.030616190698412,11.1859769821167,18200.0
1996-06-10,11.134191144187495,11.134191144187495,10.978830337524414,10.978830337524414,36600.0
1996-06-11,10.978830337524414,11.082404208633136,10.927043401970055,10.978830337524414,30700.0
1996-06-12,11.030616190698412,11.1859769821167,11.030616190698412,11.1859769821167,35300.0
1996-06-13,11.134191144187495,11.134191144187495,10.978830337524414,10.978830337524414,56500.0
1996-06-14,10.978830337524414,11.030617273078775,10.978830337524414,10.978830337524414,14100.0
1996-06-17,10.927043401970055,10.978830337524414,10.875256466415694,10.978830337524414,76900.0
1996-06-18,10.927040599641346,10.927040599641346,10.875253677368164,10.875253677368164,15500.0
1996-06-19,10.875253180191981,10.978827020003333,10.875253180191981,10.927040100097656,21200.0
1996-06-20,10.927040100097656,10.978827020003333,10.823466260286304,10.927040100097656,41300.0
1996-06-21,10.927041103965358,10.927041103965358,10.771680329975329,10.823467254638672,65200.0
1996-06-24,10.719892955743349,10.771679878234863,10.668106033251837,10.771679878234863,102100.0
1996-06-25,10.771679340380627,10.927040100097656,10.771679340380627,10.927040100097656,32700.0
1996-06-26,10.927043401970055,10.978830337524414,10.927043401970055,10.978830337524414,11800.0
1996-06-27,10.97883172550112,11.13419255180538,10.9270447833997,11.030618667602539,24100.0
1996-06-28,10.978824597652828,11.13418532309131,10.978824597652828,11.082398414611816,17600.0
1996-07-01,11.082403560937275,11.289551291048252,11.082403560937275,11.237764358520508,80600.0
1996-07-02,11.13418532309131,11.185972231570807,11.082398414611816,11.082398414611816,51900.0
1996-07-03,11.030613939909008,11.030613939909008,10.875253180191981,10.927040100097656,19000.0
1996-07-05,10.927037689173334,11.082398414611816,10.823463872214344,11.082398414611816,48900.0
1996-07-08,11.289546940543435,11.496694590828636,11.289546940543435,11.393120765686035,90300.0
1996-07-09,11.289546012878418,11.39311982951033,11.289546012878418,11.289546012878418,26700.0
1996-07-10,11.393124520241678,11.496698379516602,11.23776373132929,11.496698379516602,56300.0
1996-07-11,11.444911003112793,11.496697930728688,11.444911003112793,11.444911003112793,11400.0
1996-07-12,11.444911003112793,11.444911003112793,11.341337147881003,11.444911003112793,91400.0
1996-07-15,11.39311982951033,11.39311982951033,11.237759104562462,11.289546012878418,42300.0
1996-07-16,11.030617273078775,11.082404208633136,10.927043401970055,10.978830337524414,48100.0
1996-07-17,10.927040100097656,10.978827020003333,10.875253180191981,10.927040100097656,44000.0
1996-07-18,10.875257841298279,11.030618667602539,10.875257841298279,11.030618667602539,71600.0
1996-07-19,11.03061574891556,11.185976534111555,10.978828820516895,11.13418960571289,23400.0
1996-07-22,11.082402677314226,11.185976534111555,11.082402677314226,11.13418960571289,29900.0
1996-07-23,11.185972231570807,11.34133295700929,11.082398414611816,11.082398414611816,70800.0
1996-07-24,10.978828820516895,11.13418960571289,10.978828820516895,11.13418960571289,22600.0
1996-07-25,11.185976420363335,11.393124131851545,11.134189492491283,11.341337203979492,594200.0
1996-07-26,11.082398414611816,11.13418532309131,11.030611506132322,11.082398414611816,381400.0
1996-07-29,11.13418960571289,11.23776346251022,11.13418960571289,11.13418960571289,17100.0
1996-07-30,11.134190051643937,11.237763912589463,11.134190051643937,11.1859769821167,286900.0
1996-07-31,11.289546012878418,11.341332921194374,11.289546012878418,11.289546012878418,28400.0
1996-08-01,11.341336599418094,11.600271224975586,11.341336599418094,11.600271224975586,53600.0
1996-08-02,11.600271224975586,11.652058150087083,11.393123524529592,11.600271224975586,287500.0
1996-08-05,11.600274955276895,11.703848838806152,11.600274955276895,11.703848838806152,40100.0
1996-08-06,11.652058150087083,11.652058150087083,11.49669737475259,11.600271224975586,216200.0
1996-08-07,11.652061897041524,11.703848838806152,11.652061897041524,11.703848838806152,143000.0
1996-08-08,11.652057601491785,11.807418369511675,11.652057601491785,11.755631446838379,185100.0
1996-08-09,11.703844524165081,11.807418369511675,11.703844524165081,11.755631446838379,162800.0
1996-08-12,11.703847302099502,11.962781976924713,11.703847302099502,11.859208106994629,116400.0
1996-08-13,11.910995041959671,11.910995041959671,11.807421172029587,11.859208106994629,169500.0
1996-08-14,11.910995041959671,11.910995041959671,11.807421172029587,11.859208106994629,156000.0
1996-08-15,11.807421684265137,11.859208621476826,11.755634747053449,11.807421684265137,48200.0
1996-08-16,11.807421172029587,11.910995041959671,11.807421172029587,11.859208106994629,12200.0
1996-08-19,11.859205155925178,12.066352844238281,11.859205155925178,12.066352844238281,98300.0
1996-08-20,12.118139186827074,12.428860704438025,12.118139186827074,12.325286865234375,273200.0
1996-08-21,12.325286865234375,12.428860704438025,12.27349994563255,12.325286865234375,100300.0
1996-08-22,12.325288829156907,12.377075757010507,12.221714973449707,12.221714973449707,214300.0
1996-08-23,12.325292152694509,12.325292152694509,12.221718269058421,12.273505210876465,215600.0
1996-08-26,12.325288829156907,12.325288829156907,12.169928045596105,12.221714973449707,17400.0
1996-08-27,12.325292152694509,12.377079094512553,12.273505210876465,12.273505210876465,21400.0
1996-08-28,12.3770737848362,12.3770737848362,12.325286865234375,12.325286865234375,18000.0
1996-08-29,12.273500487144958,12.273500487144958,12.169926643371582,12.169926643371582,12000.0
1996-08-30,12.169928160207025,12.273502016889637,12.014567375183105,12.014567375183105,26900.0
1996-09-03,11.910992078003453,12.118139766316556,11.910992078003453,12.066352844238281,66900.0
1996-09-04,12.118139721484894,12.273500487144958,12.118139721484894,12.169926643371582,24700.0
1996-09-05,12.169928045596105,12.325288829156907,12.169928045596105,12.221714973449707,17000.0
1996-09-06,12.480649889251332,12.584223747253418,12.428862960250289,12.584223747253418,165300.0
1996-09-09,12.532436818252375,12.584223747253418,12.532436818252375,12.584223747253418,84400.0
1996-09-10,12.739584475147481,12.739584475147481,12.636010617625956,12.687797546386719,79600.0
1996-09-11,12.636011250813802,12.636011250813802,12.37707659403483,12.428863525390625,139700.0
1996-09-12,12.4288621208159,12.4288621208159,12.3252882698091,12.3770751953125,69900.0
1996-09-13,12.325289662679037,12.532437388102213,12.325289662679037,12.428863525390625,259400.0
1996-09-16,12.428862960250289,12.584223747253418,12.428862960250289,12.584223747253418,19300.0
1996-09-17,12.636014071377842,12.636014071377842,12.377079356800426,12.532440185546875,118900.0
1996-09-18,12.584223747253418,12.584223747253418,12.480649889251332,12.584223747253418,77400.0
1996-09-19,12.4288621208159,12.4806490463193,12.3770751953125,12.3770751953125,54900.0
1996-09-20,12.3252882698091,12.3770751953125,12.3252882698091,12.3770751953125,84100.0
1996-09-23,12.3770737848362,12.3770737848362,12.27349994563255,12.325286865234375,12400.0
1996-09-24,12.3252882698091,12.4288621208159,12.273501344305702,12.3770751953125,25700.0
1996-09-25,12.4288621208159,12.4288621208159,12.3252882698091,12.3770751953125,38400.0
1996-09-26,12.480646133422852,12.480646133422852,12.377072306589467,12.480646133422852,50600.0
1996-09-27,12.428862960250289,12.584223747253418,12.428862960250289,12.584223747253418,155600.0
1996-09-30,12.53243631613059,12.687797096909069,12.428862462278271,12.63601016998291,164400.0
1996-10-01,12.63601016998291,12.687797096909069,12.58422324305675,12.63601016998291,137200.0
1996-10-02,12.636010676254461,12.636010676254461,12.532436818252375,12.584223747253418,22200.0
1996-10-03,12.480653242631393,12.532440185546875,12.480653242631393,12.532440185546875,271500.0
1996-10-04,12.480649889251332,12.636010676254461,12.480649889251332,12.584223747253418,224900.0
1996-10-07,12.480649389204432,12.687797096909069,12.480649389204432,12.63601016998291,144300.0
1996-10-08,12.636010617625956,12.739584475147481,12.636010617625956,12.687797546386719,246700.0
1996-10-09,12.687797546386719,12.739584475147481,12.636010617625956,12.687797546386719,96100.0
1996-10-10,12.63601016998291,12.687797096909069,12.58422324305675,12.63601016998291,137300.0
1996-10-11,12.636009617855674,12.843157316509046,12.636009617855674,12.791370391845703,33700.0
1996-10-14,12.791366077423096,12.94672679901123,12.791366077423096,12.94672679901123,284900.0
1996-10-15,12.998520851135254,13.050307786797147,12.894946979811467,12.998520851135254,146500.0
1996-10-16,13.050302505493164,13.102089420197501,12.998515590788825,13.050302505493164,88800.0
1996-10-17,13.102094722459041,13.102094722459041,12.946733915473361,12.998520851135254,232900.0
1996-10-18,12.998517941109277,13.153878713313771,12.946731017041113,13.102091789245605,107400.0
1996-10-21,13.05030481675092,13.257452512254902,13.05030481675092,13.205665588378906,146600.0
1996-10-22,13.205665637381935,13.205665637381935,13.050304865177441,13.102091789245605,39800.0
1996-10-23,12.998520851135254,12.998520851135254,12.946733915473361,12.998520851135254,97000.0
1996-10-24,12.894942818618402,12.946729737568678,12.739582061767578,12.739582061767578,191200.0
1996-10-25,12.687796542519017,12.791370391845703,12.636009617855674,12.791370391845703,300900.0
1996-10-28,12.791374126112604,12.946734945458102,12.791374126112604,12.89494800567627,325400.0
1996-10-29,12.636008223867028,12.739582061767578,12.584221304916754,12.739582061767578,213500.0
1996-10-30,12.739584475147481,12.791371403908242,12.687797546386719,12.687797546386719,231200.0
1996-10-31,12.636010617625956,12.739584475147481,12.636010617625956,12.687797546386719,121000.0
1996-11-01,12.687795142817304,12.739582061767578,12.687795142817304,12.739582061767578,237000.0
1996-11-04,12.687795142817304,12.739582061767578,12.687795142817304,12.739582061767578,89300.0
1996-11-05,12.687797546386719,12.791371403908242,12.687797546386719,12.687797546386719,49100.0
1996-11-06,12.58422324305675,12.63601016998291,12.53243631613059,12.63601016998291,66200.0
1996-11-07,12.532433046839543,12.532433046839543,12.480646133422852,12.480646133422852,33500.0
1996-11-08,12.48064983134367,12.687797546386719,12.48064983134367,12.687797546386719,84700.0
1996-11-11,12.636009617855674,12.791370391845703,12.636009617855674,12.791370391845703,26000.0
1996-11-12,12.73958202331297,12.94672969848879,12.73958202331297,12.843155860900879,19800.0
1996-11-13,12.843154846675812,13.050302505493164,12.843154846675812,13.050302505493164,30000.0
1996-11-14,12.946728676084488,13.050302505493164,12.946728676084488,13.050302505493164,37300.0
1996-11-15,13.050304865177441,13.2574525614501,13.050304865177441,13.102091789245605,31900.0
1996-11-18,13.102093130350113,13.257453918457031,13.102093130350113,13.257453918457031,121600.0
1996-11-19,13.205664593885846,13.30923843383789,13.205664593885846,13.30923843383789,162300.0
1996-11-20,13.153878713313771,13.153878713313771,13.050304865177441,13.102091789245605,38200.0
1996-11-21,13.102089420197501,13.102089420197501,12.998515590788825,13.050302505493164,46500.0
1996-11-22,13.05030620098114,13.309240847826004,13.05030620098114,13.257453918457031,137900.0
1996-11-25,13.205665588378906,13.257452512254902,13.15387866450291,13.205665588378906,132500.0
1996-11-26,13.205665637381935,13.2574525614501,13.102091789245605,13.102091789245605,195400.0
1996-11-27,13.102091789245605,13.102091789245605,12.998517941109277,13.102091789245605,21800.0
1996-11-29,13.257452512254902,13.257452512254902,13.15387866450291,13.205665588378906,16800.0
1996-12-02,13.15387866450291,13.205665588378906,13.102091740626916,13.205665588378906,17900.0
1996-12-03,12.94672969848879,12.94672969848879,12.73958202331297,12.843155860900879,74700.0
1996-12-04,12.58422324305675,12.687797096909069,12.53243631613059,12.63601016998291,157400.0
1996-12-05,12.325288829156907,12.325288829156907,12.118141117742505,12.221714973449707,361800.0
1996-12-06,11.755632733476572,12.169928160207025,11.755632733476572,12.014567375183105,268700.0
1996-12-09,12.169927493298902,12.4288621208159,12.169927493298902,12.3770751953125,132700.0
1996-12-10,12.221714973449707,12.377075757010507,12.118141117742505,12.221714973449707,64200.0
1996-12-11,12.22171356525827,12.22171356525827,12.118139721484894,12.169926643371582,75800.0
1996-12-12,12.169928045596105,12.221714973449707,12.118141117742505,12.221714973449707,290800.0
1996-12-13,12.118139766316556,12.169926688394833,12.014565922160005,12.066352844238281,217600.0
1996-12-16,12.169926643371582,12.42886125280502,12.169926643371582,12.169926643371582,87800.0
1996-12-17,12.325286865234375,12.3770737848362,12.325286865234375,12.325286865234375,207700.0
1996-12-18,12.42885922000616,12.480646133422852,12.42885922000616,12.480646133422852,57700.0
1996-12-19,12.48064983134367,12.739584475147481,12.428862902582908,12.687797546386719,54600.0
1996-12-20,12.843157316509046,12.843157316509046,12.687796542519017,12.791370391845703,113600.0
1996-12-23,12.739582061767578,12.791368980717852,12.687795142817304,12.739582061767578,54500.0
1996-12-24,12.687797096909069,12.739584023835228,12.58422324305675,12.63601016998291,12400.0
1996-12-26,12.584221304916754,12.791368980717852,12.532434385966479,12.739582061767578,16100.0
1996-12-27,12.73958202331297,12.843155860900879,12.73958202331297,12.843155860900879,10500.0
1996-12-30,12.791374126112604,12.998521885239935,12.791374126112604,12.89494800567627,61000.0
1996-12-31,13.050304865177441,13.153878713313771,13.050304865177441,13.102091789245605,27800.0
1997-01-02,12.998516617282744,13.0503035360767,12.73958202331297,12.843155860900879,47200.0
1997-01-03,12.998521885239935,13.050308825021768,12.89494800567627,12.89494800567627,23000.0
1997-01-06,12.946728676084488,13.102089420197501,12.946728676084488,13.050302505493164,40300.0
1997-01-07,12.894946979811467,13.050307786797147,12.894946979811467,12.998520851135254,58500.0
1997-01-08,12.94672679901123,12.998513706207277,12.843152984619142,12.94672679901123,48900.0
1997-01-09,13.050304865177441,13.102091789245605,12.998517941109277,13.102091789245605,40600.0
1997-01-10,12.325289102248203,12.584223747253418,12.221715244246116,12.584223747253418,123400.0
1997-01-13,12.377079094512553,12.428866036330598,12.273505210876465,12.273505210876465,153100.0
1997-01-14,12.273505210876465,12.273505210876465,12.169931327240377,12.273505210876465,111400.0
1997-01-15,12.066352799598207,12.169926643371582,11.962778955824833,12.169926643371582,232500.0
1997-01-16,12.169928868611654,12.428863525390625,12.169928868611654,12.428863525390625,167700.0
1997-01-17,12.169931327240377,12.273505210876465,12.066357443604288,12.273505210876465,272500.0
1997-01-20,12.273501344305702,12.4288621208159,12.221714418802302,12.3770751953125,166500.0
1997-01-21,12.3252882698091,12.3770751953125,12.221714418802302,12.3770751953125,200300.0
1997-01-22,12.428863525390625,12.532437388102213,12.428863525390625,12.428863525390625,49000.0
1997-01-23,12.532434385966479,12.843155899668128,12.532434385966479,12.739582061767578,524700.0
1997-01-24,12.739584023835228,12.739584023835228,12.63601016998291,12.63601016998291,349900.0
1997-01-27,12.5324359718227,12.5324359718227,12.3252882698091,12.3770751953125,96500.0
1997-01-28,12.377072306589467,12.584219960256236,12.377072306589467,12.480646133422852,321500.0
1997-01-29,12.4806490463193,12.4806490463193,12.3770751953125,12.3770751953125,51300.0
1997-01-30,12.377079356800426,12.532440185546875,12.377079356800426,12.532440185546875,358800.0
1997-01-31,12.584219960256236,12.584219960256236,12.42885922000616,12.480646133422852,268500.0
1997-02-03,12.48065045674642,12.48065045674642,12.37707659403483,12.428863525390625,242100.0
1997-02-04,12.3770737848362,12.48064762403985,12.27349994563255,12.325286865234375,142400.0
1997-02-05,12.27349994563255,12.3770737848362,12.27349994563255,12.325286865234375,280100.0
1997-02-06,12.273505210876465,12.273505210876465,12.221718269058421,12.273505210876465,59200.0
1997-02-07,12.221713026030725,12.428860704438025,12.221713026030725,12.325286865234375,52400.0
1997-02-10,12.221714973449707,12.273501901303307,12.221714973449707,12.221714973449707,95000.0
1997-02-11,12.325286865234375,12.3770737848362,12.27349994563255,12.325286865234375,53500.0
1997-02-12,12.118144385422333,12.325292152694509,12.066357443604288,12.273505210876465,182200.0
1997-02-13,12.273501901303307,12.273501901303307,12.169928045596105,12.221714973449707,577900.0
1997-02-14,12.325285393172775,12.532433046839543,12.325285393172775,12.480646133422852,87000.0
1997-02-18,12.42885922000616,12.532433046839543,12.377072306589467,12.480646133422852,120200.0
1997-02-19,12.48065045674642,12.584224319458007,12.37707659403483,12.428863525390625,38900.0
1997-02-20,12.428862960250289,12.739584534256545,12.428862960250289,12.584223747253418,81400.0
1997-02-21,12.532436760104432,12.739584475147481,12.532436760104432,12.687797546386719,46400.0
1997-02-24,12.894944092972949,13.102091789245605,12.894944092972949,13.102091789245605,157100.0
1997-02-25,13.102091789245605,13.205665637381935,12.998517941109277,13.102091789245605,97100.0
1997-02-26,12.584223688865194,12.687797546386719,12.584223688865194,12.687797546386719,205700.0
1997-02-27,12.63601016998291,12.687797096909069,12.58422324305675,12.63601016998291,130600.0
1997-02-28,12.532437388102213,12.532437388102213,12.428863525390625,12.428863525390625,149800.0
1997-03-03,12.37707659403483,12.48065045674642,12.273502731323243,12.428863525390625,285100.0
1997-03-04,12.584224319458007,12.636011250813802,12.428863525390625,12.428863525390625,193900.0
1997-03-05,12.532439427203443,12.89494800567627,12.532439427203443,12.89494800567627,238500.0
1997-03-06,12.89494424117239,12.89494424117239,12.73958346718236,12.791370391845703,171200.0
1997-03-07,12.791366077423096,12.998513706207277,12.791366077423096,12.94672679901123,125500.0
1997-03-10,12.99851933051282,13.205667048927367,12.946732400909184,13.15388011932373,382900.0
1997-03-11,13.205665588378906,13.205665588378906,13.102091740626916,13.205665588378906,485500.0
1997-03-12,13.153878713313771,13.153878713313771,12.998517941109277,13.102091789245605,89800.0
1997-03-13,13.0503035360767,13.0503035360767,12.791368942106924,12.843155860900879,196600.0
1997-03-14,13.050303833957777,13.361025353813915,13.050303833957777,13.30923843383789,176000.0
1997-03-17,13.102091789245605,13.153878713313771,12.998517941109277,13.102091789245605,349400.0
1997-03-18,13.102093189720094,13.15388011932373,13.050306260116457,13.15388011932373,276400.0
1997-03-19,13.205666930176491,13.464601575866226,13.153880001038544,13.361027717590332,403500.0
1997-03-20,13.464601635932922,13.464601635932922,13.205666989088058,13.257453918457031,873400.0
1997-03-21,13.309240847826004,13.309240847826004,13.205666989088058,13.257453918457031,157400.0
1997-03-24,13.050304865177441,13.102091789245605,12.998517941109277,13.102091789245605,328100.0
1997-03-25,13.050304865177441,13.153878713313771,13.050304865177441,13.102091789245605,228800.0
1997-03-26,13.361027717590332,13.361027717590332,13.309240788452385,13.361027717590332,111000.0
1997-03-27,13.412810325622559,13.619957975439123,13.361023413168418,13.412810325622559,43800.0
1997-03-31,13.361026360006894,13.361026360006894,13.102091740626916,13.205665588378906,52000.0
1997-04-01,13.361025353813915,13.361025353813915,13.257451513861868,13.30923843383789,276900.0
1997-04-02,13.309240847826004,13.361027777194977,13.205666989088058,13.257453918457031,115200.0
1997-04-03,13.2574525614501,13.2574525614501,13.050304865177441,13.102091789245605,233600.0
1997-04-04,13.102093189720094,13.257453978531004,13.050306260116457,13.15388011932373,279800.0
1997-04-07,13.102093130350113,13.257453918457031,13.102093130350113,13.257453918457031,49200.0
1997-04-08,13.205666989088058,13.309240847826004,13.205666989088058,13.257453918457031,50600.0
1997-04-09,13.361027717590332,13.464601575866226,13.361027717590332,13.361027717590332,73300.0
1997-04-10,13.56817626953125,13.671750134184162,13.56817626953125,13.56817626953125,235600.0
1997-04-11,13.671747295673077,13.775321138822115,13.464599609375,13.464599609375,94800.0
1997-04-14,13.464599609375,13.568173452524038,13.41281268780048,13.464599609375,271400.0
1997-04-15,13.412811246411554,13.516385078430176,13.361024330402243,13.516385078430176,61000.0
1997-04-16,13.46460190109427,13.619962692260742,13.46460190109427,13.619962692260742,118500.0
1997-04-17,13.671747207641602,13.775321050123734,13.671747207641602,13.671747207641602,48200.0
1997-04-18,13.671747207641602,13.723534128882669,13.671747207641602,13.671747207641602,97100.0
1997-04-21,13.723533552375425,14.03425506676883,13.723533552375425,13.930681228637695,71500.0
1997-04-22,13.982469905506482,14.24140453338623,13.930682979930532,14.24140453338623,86100.0
1997-04-23,14.137828904899965,14.189615823965534,13.878894309572129,13.930681228637695,66200.0
1997-04-24,13.930679841149122,13.930679841149122,13.77531909942627,13.77531909942627,64100.0
1997-04-25,13.775320471440994,14.03425506676883,13.723533552375425,13.930681228637695,88500.0
1997-04-28,13.878888130187988,13.982461922204317,13.878888130187988,13.878888130187988,46700.0
1997-04-29,13.878895169212704,14.189616702851795,13.878895169212704,14.137829780578613,93700.0
1997-04-30,14.137833083633089,14.241406952377654,14.086046149260806,14.189620018005371,38800.0
1997-05-01,14.086044311523438,14.137831239139333,14.034257383907542,14.086044311523438,206000.0
1997-05-02,14.086046149260806,14.189620018005371,13.982472280516243,14.189620018005371,153000.0
1997-05-05,14.24140593279963,14.293192863464357,14.137832071470179,14.293192863464355,67700.0
1997-05-06,14.18961760781028,14.34497838453813,14.18961760781028,14.24140453338623,54000.0
1997-05-07,14.241402743031102,14.241402743031102,13.930681228637695,13.930681228637695,189800.0
1997-05-08,13.878896601059857,14.189618166755228,13.878896601059857,14.086044311523438,49600.0
1997-05-09,14.086042858305431,14.241403625124976,14.086042858305431,14.137829780578613,52300.0
1997-05-12,16.157520797091664,16.20930772272337,15.95037309456485,16.10573387145996,855400.0
1997-05-13,16.002165718078615,16.002165718078615,15.536083221435547,15.536083221435547,235300.0
1997-05-14,15.587856769561768,15.691430568695068,15.328922271728516,15.328922271728516,199200.0
1997-05-15,15.328929700349507,15.74322509765625,15.328929700349507,15.74322509765625,171500.0
1997-05-16,15.691444053649903,15.743230997721355,15.484296277364095,15.536083221435547,63200.0
1997-05-19,15.328926548813328,15.432500376845852,15.328926548813328,15.38071346282959,174300.0
1997-05-20,15.328927464309745,15.484288215637207,15.225353630091435,15.484288215637207,80600.0
1997-05-21,15.484288180785322,15.587862014770508,15.380714346800136,15.587862014770508,48200.0
1997-05-22,15.639648931763102,15.691435848755695,15.536075097777916,15.587862014770508,23000.0
1997-05-23,15.950367909093057,16.157515544276084,15.846794091501543,16.05394172668457,415200.0
1997-05-27,16.10573146893428,16.209305304747364,16.05394455102774,16.15751838684082,272900.0
1997-05-28,15.898584864497963,15.898584864497963,15.795011021732504,15.846797943115234,50600.0
1997-05-29,15.795005807782164,15.795005807782164,15.639645094918732,15.691431999206543,46800.0
1997-05-30,15.587862049855516,15.587862049855516,15.432501298528054,15.484288215637207,165900.0
1997-06-02,15.432509333292645,15.587870165506999,15.432509333292645,15.536083221435547,112000.0
1997-06-03,15.536083221435547,15.639657109578451,15.484296277364095,15.536083221435547,52300.0
1997-06-04,15.432497024536133,15.484283927303032,15.328923219002334,15.432497024536133,98700.0
1997-06-05,15.328927464309745,15.484288215637207,15.225353630091435,15.484288215637207,44700.0
1997-06-06,15.43250126379273,15.639648931763102,15.328927429807543,15.587862014770508,133100.0
1997-06-09,15.587862049855516,15.639648966964671,15.432501298528054,15.484288215637207,36000.0
1997-06-10,15.536075132746362,15.536075132746362,15.432501298528054,15.484288215637207,80300.0
1997-06-11,15.328923219002334,15.432497024536133,15.277136316235433,15.432497024536133,229100.0
1997-06-12,15.32893544514974,15.536083221435547,15.32893544514974,15.536083221435547,62600.0
1997-06-13,15.432505481290502,15.691440137016851,15.38071855014523,15.639653205871582,33500.0
1997-06-16,15.639653205871582,15.639653205871582,15.536079343581042,15.639653205871582,25500.0
1997-06-17,15.639651540774624,16.157520797091664,15.639651540774624,16.10573387145996,163700.0
1997-06-18,16.002157633121197,16.209305304747364,16.002157633121197,16.15751838684082,55500.0
1997-06-19,16.105734542894215,16.882538459754066,16.105734542894215,16.62360382080078,124000.0
1997-06-20,16.571821023861823,16.62360796456139,16.209312438964844,16.209312438964844,145700.0
1997-06-23,16.312882599321384,16.36466952820812,16.002161026000977,16.002161026000977,111800.0
1997-06-24,16.10573146893428,16.209305304747364,16.05394455102774,16.15751838684082,63900.0
1997-06-25,16.20930639279434,16.26109331417707,15.795011021732504,15.846797943115234,55600.0
1997-06-26,16.002164676166572,16.209312438964844,16.002164676166572,16.209312438964844,41600.0
1997-06-27,16.312883887321327,16.36467082029695,16.157523088394456,16.261096954345703,47800.0
1997-06-30,16.157516698517867,16.364664348498867,16.07983632977499,16.235197067260742,44000.0
1997-07-01,16.235200087730817,16.416454315185547,16.053945860276087,16.416454315185547,73800.0
1997-07-02,16.416461413942127,16.753076553344727,16.312887524895174,16.753076553344727,66200.0
1997-07-03,17.08968715580631,17.19326101735665,16.98611329425597,17.012006759643555,99800.0
1997-07-07,16.986108287127184,17.089682118146253,16.986108287127184,17.03789520263672,37500.0
1997-07-08,17.08968042786291,17.2450411590253,17.012000062281714,17.11557388305664,64100.0
1997-07-09,17.193261590447868,17.296835455450566,17.193261590447868,17.24504852294922,44700.0
1997-07-10,17.296830211777287,17.296830211777287,17.193256378173828,17.193256378173828,22200.0
1997-07-11,17.193256378173828,17.245043294975556,17.193256378173828,17.193256378173828,49000.0
1997-07-14,17.24505024905658,17.24505024905658,17.167369842529297,17.167369842529297,18700.0
1997-07-15,17.193257324409185,17.193257324409185,16.571814288587166,16.597707748413086,73500.0
1997-07-16,17.089686529568468,17.348621173955866,17.089686529568468,17.27094078063965,263700.0
1997-07-17,17.27093340767114,17.296826861055955,17.115572687362256,17.14146614074707,56000.0
1997-07-18,17.08968042786291,17.2450411590253,17.08968042786291,17.11557388305664,133300.0
1997-07-21,17.089691692747326,17.089691692747326,16.753076553344727,16.753076553344727,95200.0
1997-07-22,16.960214705424775,17.50397731430099,16.85664087516264,17.452190399169922,198600.0
1997-07-23,17.34862168390948,17.45219554470894,17.193260892710292,17.219154357910156,297100.0
1997-07-24,17.270937752001213,17.296831211899267,16.986109693122632,17.089683532714844,192600.0
1997-07-25,16.675387347186053,16.778961181640625,16.675387347186053,16.778961181640625,162200.0
1997-07-28,16.727174548301875,16.778961466408074,16.62360071208948,16.649494171142578,82100.0
1997-07-29,16.494144439697266,16.52003791605472,16.416464010624907,16.494144439697266,75500.0
1997-07-30,16.46824073791504,16.52002765847452,16.312879976236594,16.46824073791504,88700.0
1997-07-31,16.4423406124115,16.571807861328125,16.3387668132782,16.571807861328125,119400.0
1997-08-01,16.261090523508365,16.312877436003618,16.157516698517867,16.235197067260742,107200.0
1997-08-04,16.053947644669975,16.131628036499023,15.95037378889791,16.131628036499023,29900.0
1997-08-05,16.05395161686614,16.26109937966441,15.950377735467002,16.209312438964844,92400.0
1997-08-06,15.950374097114242,16.002161026000977,15.846800239340773,16.002161026000977,47700.0
1997-08-07,16.002159515885282,16.002159515885282,15.639651047887881,15.665544509887695,125500.0
1997-08-08,15.561976693471273,15.691444053649903,15.32893544514974,15.536083221435547,81100.0
1997-08-11,15.51018974939982,15.613763637542725,15.32893544514974,15.536083221435547,98400.0
1997-08-12,15.51018974939982,15.665550581614177,15.484296277364095,15.536083221435547,51300.0
1997-08-13,15.510182756612732,15.561969677335979,14.603911643955893,15.173567771911621,126600.0
1997-08-14,15.328927187184197,15.639648684221715,15.328927187184197,15.613755226135254,184100.0
1997-08-15,15.510181639281619,15.665542390259398,15.35482088830384,15.587862014770508,103800.0
1997-08-18,15.58786432366622,15.950372796309622,15.58786432366622,15.74322509765625,134100.0
1997-08-19,15.639645094918732,15.743218903494354,15.561964738487017,15.691431999206543,112200.0
1997-08-20,15.484290373784614,15.587864222438691,15.277142676476457,15.458396911621094,101300.0
1997-08-21,15.43250733322478,15.43250733322478,15.277146521145335,15.354826927185059,274700.0
1997-08-22,15.328926548813328,15.458393833853982,15.173565806764545,15.38071346282959,59900.0
1997-08-25,15.3807143814189,15.484288215637207,15.27714054720059,15.484288215637207,49400.0
1997-08-26,15.406602621078491,15.510176420211792,15.328922271728516,15.328922271728516,35300.0
1997-08-27,15.35481572151184,15.536069869995117,15.121774673461914,15.328922271728516,46700.0
1997-08-28,15.32893345850515,15.510187739264502,15.32893345850515,15.354826927185059,32700.0
1997-08-29,15.277142623036179,15.30303608510912,14.966421078160867,15.069994926452637,16400.0
1997-09-02,15.018205064715762,15.38071346282959,15.018205064715762,15.38071346282959,114500.0
1997-09-03,15.458390929911397,15.71732545135045,15.406604025623587,15.691431999206543,90100.0
1997-09-04,15.484290275888995,15.665544509887695,15.406609889889552,15.665544509887695,243500.0
1997-09-05,15.665545065534333,15.665545065534333,15.484290825106664,15.510184288024902,336000.0
1997-09-08,15.484296277364095,15.613763637542725,15.484296277364095,15.536083221435547,186000.0
1997-09-09,15.536082009110793,15.63965588917153,15.484295069080423,15.561975479125977,91900.0
1997-09-10,15.432500376845852,15.484287290862113,15.328926548813328,15.38071346282959,57700.0
1997-09-11,15.32893544514974,15.639657109578451,15.225361557006837,15.536083221435547,107600.0
1997-09-12,15.536069869995117,15.536069869995117,15.277135372161865,15.328922271728516,106700.0
1997-09-15,15.38071346282959,15.40660691983772,15.328926548813328,15.38071346282959,226400.0
1997-09-16,15.380722389221193,15.613763637542725,15.380722389221193,15.536083221435547,195200.0
1997-09-17,15.536071286343113,15.691431999206543,15.536071286343113,15.691431999206543,163500.0
1997-09-18,15.691437827903217,16.028052830812033,15.691437827903217,15.976265907287598,29900.0
1997-09-19,16.053948149013056,16.131628543282478,15.950374289987167,16.07984161376953,140100.0
1997-09-22,16.079835181082448,16.105728635480325,15.795007182705787,16.05394172668457,52200.0
1997-09-23,16.0021639646847,16.053950903081738,15.898590087890625,15.898590087890625,411000.0
1997-09-24,15.820904026656853,15.89858440649314,15.743223646820567,15.795010566711426,74500.0
1997-09-25,15.76912274189803,16.02805743388322,15.76912274189803,15.898590087890625,113700.0
1997-09-26,15.846797899766402,15.976265202869069,15.717330596663736,15.950371742248535,100100.0
1997-09-29,15.898584821007468,16.105732505971737,15.898584821007468,15.950371742248535,77600.0
1997-09-30,15.950370715214657,16.235198763700634,15.898583797308115,16.15751838684082,164500.0
1997-10-01,16.20931002137008,16.286990420833515,16.105736155418832,16.261096954345703,82000.0
1997-10-02,16.20931171827285,16.20931171827285,15.795016211096549,15.898590087890625,50200.0
1997-10-03,15.691437136043202,15.950371742248535,15.58786329356107,15.950371742248535,147800.0
1997-10-06,15.924480632670875,16.05394795488771,15.846800239340773,16.002161026000977,48300.0
1997-10-07,16.053945659268678,16.390560648898504,15.976265277046409,16.338773727416992,31500.0
1997-10-08,16.364666058466987,16.364666058466987,16.07983800998101,16.15751838684082,44800.0
1997-10-09,15.924476656312832,15.950370114290576,15.79500936642411,15.820902824401855,46100.0
1997-10-10,15.743223043588493,16.15751838684082,15.743223043588493,16.15751838684082,27100.0
1997-10-13,16.416453817355556,16.571814579034,16.416453817355556,16.46824073791504,54500.0
1997-10-14,16.494137386050387,16.7271785736084,16.494137386050387,16.7271785736084,62500.0
1997-10-15,16.986109693122632,17.167363912409,16.986109693122632,17.089683532714844,137600.0
1997-10-16,17.089679233977442,17.245039954286327,16.986105420438186,17.14146614074707,86500.0
1997-10-17,17.14147396231056,17.24504782311002,17.14147396231056,17.219154357910156,62900.0
1997-10-20,17.322730321370198,17.348623789713056,17.219156447998778,17.296836853027344,137800.0
1997-10-21,17.219146500901513,17.245039954286327,17.037892327207814,17.14146614074707,142100.0
1997-10-22,16.882535016095197,16.90842847470884,16.701280805799698,16.778961181640625,153000.0
1997-10-23,16.261101460418946,16.364675355071295,16.053953671114243,16.28699493408203,139400.0
1997-10-24,16.20930772272337,16.20930772272337,15.95037309456485,16.10573387145996,158900.0
1997-10-27,16.002161723888474,16.105735586179012,15.639653205871582,15.639653205871582,256100.0
1997-10-28,14.914628434889387,15.691431999206543,14.811054626313767,15.691431999206543,396800.0
1997-10-29,15.225359735733424,15.328933611486711,15.147679328918457,15.147679328918457,566200.0
1997-10-30,14.992314540233808,15.121781850598522,14.81106030572321,15.069994926452637,236600.0
1997-10-31,15.121779795873126,15.587862049855516,15.095886337318548,15.484288215637207,100900.0
1997-11-03,15.484296277364095,15.536083221435547,15.173574612935385,15.536083221435547,394900.0
1997-11-04,15.510185878008405,15.717333602589486,15.48429241243577,15.639653205871582,306800.0
1997-11-05,15.380713217599052,15.406606674194336,15.277139391217913,15.406606674194336,474900.0
1997-11-06,15.225352720780807,15.458393833853982,15.225352720780807,15.38071346282959,1114600.0
1997-11-07,15.277139634797068,15.432500376845852,15.173565806764545,15.38071346282959,673100.0
1997-11-10,15.277148501078289,15.536083221435547,15.277148501078289,15.536083221435547,1724200.0
1997-11-11,15.639648684221715,15.846796348913392,15.458394477616496,15.613755226135254,894100.0
1997-11-12,15.536082009110793,15.74322976923227,15.458401599065239,15.561975479125977,425000.0
1997-11-13,15.846803149493587,15.898590087890625,15.56197498830988,15.898590087890625,660000.0
1997-11-14,15.820905583740629,16.131627133666797,15.743225196259088,16.028053283691406,373000.0
1997-11-17,16.131634092103507,16.364675355071295,16.131634092103507,16.28699493408203,93200.0
1997-11-18,16.39056428678476,16.39056428678476,16.23520348785789,16.261096954345703,301500.0
1997-11-19,16.157512664794922,16.623594760894775,16.10572576522827,16.571807861328125,278600.0
1997-11-20,16.416453113706094,16.46824003204586,16.364666195366325,16.442346572875977,136800.0
1997-11-21,16.545920620143974,16.59770753914286,16.41645332264676,16.52002716064453,19700.0
1997-11-24,16.364675355071295,16.364675355071295,16.261101460418946,16.28699493408203,284600.0
1997-11-25,16.209305304747364,16.209305304747364,15.950370715214657,16.15751838684082,110000.0
1997-11-26,15.820903141237178,15.820903141237178,15.587862014770508,15.587862014770508,210000.0
1997-11-28,15.484283927303032,15.484283927303032,15.121775607934735,15.432497024536133,51500.0
1997-12-01,15.43250754166278,15.743229170018406,15.406614072633143,15.71733570098877,129800.0
1997-12-02,15.587864676779617,15.587864676779617,15.303036584678994,15.510184288024902,265000.0
1997-12-03,15.251247088646013,15.484288215637207,15.199460171536858,15.484288215637207,325300.0
1997-12-04,15.432496070861816,15.484282970428467,15.225348472595215,15.328922271728516,116600.0
1997-12-05,15.328929700349507,15.74322509765625,15.328929700349507,15.74322509765625,146900.0
1997-12-08,16.261092222653904,16.312879140560444,16.07983800998101,16.15751838684082,99300.0
1997-12-09,16.105735078526003,16.15752200803895,15.950374289987167,16.07984161376953,126200.0
1997-12-10,16.18341198117714,16.442346572875977,16.18341198117714,16.442346572875977,337300.0
1997-12-11,16.364673261063547,16.364673261063547,16.157525498265276,16.209312438964844,113900.0
1997-12-12,16.20931451309277,16.39056882873438,16.157527565766596,16.28699493408203,184300.0
1997-12-15,16.15751838684082,16.209305304747364,16.02805109207447,16.15751838684082,142000.0
1997-12-16,16.209312438964844,16.338779790713765,16.157525498265276,16.209312438964844,210300.0
1997-12-17,16.416456729550905,16.468243659297123,16.261095940312252,16.364669799804688,88300.0
1997-12-18,16.36466952820812,16.36466952820812,15.97626756155761,16.002161026000977,157800.0
1997-12-19,16.157520596160644,16.209307521148336,16.00215982119756,16.028053283691406,213200.0
1997-12-22,16.002158707263423,16.002158707263423,15.846797943115234,15.846797943115234,244900.0
1997-12-23,15.74322509765625,15.74322509765625,15.639651248329564,15.74322509765625,279600.0
1997-12-24,15.691431999206543,15.691431999206543,15.484284382055302,15.691431999206543,18300.0
1997-12-26,15.536081417781322,15.71733570098877,15.48429447972205,15.71733570098877,31500.0
1997-12-29,15.743218903494354,15.769112355638258,15.691431999206543,15.691431999206543,153000.0
1997-12-30,15.691438172992907,15.74322509765625,15.561970861334549,15.74322509765625,192400.0
1997-12-31,15.691431999206543,15.743218903494354,15.536071286343113,15.691431999206543,315900.0
1998-01-02,15.484294270584595,15.561974676624317,15.121785709065891,15.354826927185059,347700.0
1998-01-05,15.484296277364095,15.587870165506999,15.32893544514974,15.536083221435547,204400.0
1998-01-06,15.536077750943141,15.536077750943141,15.380716973433708,15.510184288024902,178800.0
1998-01-07,15.484289451078935,16.05394558473067,15.484289451078935,15.950371742248535,158200.0
1998-01-08,15.6914428292019,15.6914428292019,15.561975479125977,15.561975479125977,39700.0
1998-01-09,15.639644635603732,15.665538086987182,15.432497024536133,15.432497024536133,73400.0
1998-01-12,15.328930383441092,15.769119262695312,15.225356529498923,15.769119262695312,138700.0
1998-01-13,15.74322927269951,15.898590087890625,15.639655395905436,15.898590087890625,180100.0
1998-01-14,15.69143797188751,15.717331433887324,15.561970661888438,15.665544509887695,403800.0
1998-01-15,15.613763637542725,15.613763637542725,15.51018974939982,15.536083221435547,111600.0
1998-01-16,15.613751642774828,15.795005807782164,15.561964738487017,15.691431999206543,241600.0
1998-01-20,15.225352478027343,15.43250013078962,15.225352478027343,15.406606674194336,213700.0
1998-01-21,15.328928534081363,15.380715454804612,15.173567771911621,15.173567771911621,267700.0
1998-01-22,15.354826927185057,15.380720395864966,15.303039989825242,15.354826927185059,347900.0
1998-01-23,14.940535441938653,15.070002820118365,14.888748490666769,15.044109344482422,297600.0
1998-01-26,15.147672867288396,15.251246698859598,15.147672867288396,15.225353240966797,240400.0
1998-01-27,14.992322393210538,15.12178977139025,14.992322393210538,15.044109344482422,425600.0
1998-01-28,15.09588903787798,15.225356353811753,15.069995574691225,15.199462890625,238800.0
1998-01-29,15.199461232273244,15.277141613358117,15.121780851188372,15.173567771911621,564500.0
1998-01-30,15.14767410415728,15.14767410415728,15.044100264128854,15.095887184143066,212500.0
1998-02-02,15.14766812324524,15.35481572151184,15.121774673461914,15.328922271728516,200300.0
1998-02-03,15.328929700349507,15.795012022319593,15.22535585102282,15.74322509765625,94700.0
1998-02-04,16.002158663489602,16.079839045351203,15.795010978525335,15.950371742248535,169500.0
1998-02-05,15.225349413468534,15.536070830069933,15.173562510701634,15.432497024536133,311500.0
1998-02-06,15.510177834199206,15.71732545135045,15.484284382055302,15.691431999206543,257700.0
1998-02-09,15.587870165506999,15.613763637542725,15.484296277364095,15.536083221435547,433100.0
1998-02-10,15.32892919756636,15.32892919756636,15.225355351636857,15.303035736083984,243900.0
1998-02-11,15.328922271728516,15.380709171295166,15.277135372161865,15.328922271728516,343600.0
1998-02-12,15.32893345850515,15.354826927185057,15.173572646425706,15.354826927185059,339900.0
1998-02-13,15.458390475919582,15.458390475919582,15.328923219002334,15.432497024536133,159400.0
1998-02-17,16.209305304747364,16.261092222653904,16.05394455102774,16.15751838684082,145000.0
1998-02-18,16.20931002137008,16.261096954345703,16.028055755955396,16.261096954345703,114100.0
1998-02-19,16.934324264526367,16.986111188882717,16.57181579403192,16.934324264526367,174800.0
1998-02-20,16.623601415882938,16.67538833618164,16.59770795573359,16.67538833618164,58400.0
1998-02-23,16.778971409026205,16.830758357819498,16.623610562646334,16.80486488342285,81500.0
1998-02-24,16.804854082843814,17.11557557590102,16.77896062508905,17.03789520263672,52200.0
1998-02-25,17.063795637941645,17.47809113142733,17.063795637941645,17.296836853027344,207800.0
1998-02-26,17.400404890613444,17.60755256788265,17.374511430954794,17.503978729248047,574300.0
1998-02-27,17.50398247510867,17.50398247510867,17.14147396231056,17.219154357910156,125100.0
1998-03-02,17.581666265412927,17.995961788603804,17.581666265412927,17.840600967407227,151700.0
1998-03-03,17.918270111083984,18.073630834590492,17.892376657166235,17.918270111083984,247400.0
1998-03-04,17.892376917765475,17.944163826355247,17.762909646291053,17.788803100585938,139900.0
1998-03-05,17.50398203756957,17.659342824885275,17.426301643911717,17.555768966674805,103100.0
1998-03-06,17.762913662454356,18.12542210454526,17.762913662454356,17.866487503051758,238700.0
1998-03-09,17.918274341135106,18.228995861501613,17.918274341135106,18.07363510131836,270700.0
1998-03-10,18.33256244659424,18.954005241394043,18.33256244659424,18.850431442260742,216100.0
1998-03-11,19.031694715268145,19.730818194604524,19.031694715268145,19.394203186035156,205900.0
1998-03-12,19.52367171119241,19.65313903023215,19.316524000728833,19.368310928344727,212900.0
1998-03-13,18.954016310965965,19.187057495117188,18.902229381154584,19.187057495117188,206100.0
1998-03-16,19.00579697519376,19.00579697519376,18.695075498760076,18.746862411499023,80500.0
1998-03-17,19.26473094189585,19.316517853029975,18.954009475091077,19.21294403076172,82600.0
1998-03-18,19.109377100400113,19.316524819645643,19.057590170588732,19.187057495117188,434100.0
1998-03-19,19.21294394017524,19.627239227294922,19.135263573840298,19.627239227294922,82800.0
1998-03-20,19.886174720103345,20.041535460104154,19.679027066768935,19.73081398010254,139700.0
1998-03-23,19.808491919324805,20.14510681468588,19.808491919324805,19.98974609375,142100.0
1998-03-24,19.886178775709503,20.61119571024058,19.886178775709503,20.300474166870117,242000.0
1998-03-25,20.326360785224903,20.326360785224903,19.523663735107743,19.704917907714844,81100.0
1998-03-26,19.497771729222986,19.78259973589158,19.471878274071294,19.549558639526367,70700.0
1998-03-27,20.093324661254883,20.19689849971496,19.937963903564768,20.093324661254883,251700.0
1998-03-30,19.782602029907068,19.93796277883304,19.679028197289753,19.91206932067871,42100.0
1998-03-31,19.98975152367944,20.300473049954253,19.88617768158784,20.119218826293945,175100.0
1998-04-01,20.865094975610475,21.07585351071765,20.81240534183368,20.970474243164062,331300.0
1998-04-02,21.075845595022933,21.181224822998047,20.838742332078926,21.181224822998047,487700.0
1998-04-03,21.18122937237775,21.339298248291016,21.154884559725538,21.339298248291016,237900.0
1998-04-06,21.497363153781002,21.550052769353993,21.339294307062023,21.444673538208008,231500.0
1998-04-07,21.444675859370435,21.49736548064653,21.075848510437773,21.128538131713867,179400.0
1998-04-08,21.286613807678222,21.286613807678222,21.023165616989136,21.075855255126953,310700.0
1998-04-09,21.12854262367545,21.181232256153447,20.917784093763476,20.99681854248047,270800.0
1998-04-13,21.075857528532392,21.075857528532392,20.81240930942574,20.86509895324707,64400.0
1998-04-14,20.812399288143816,20.97046814349681,20.812399288143816,20.891433715820312,183200.0
1998-04-15,20.996812952722305,21.023157761947804,20.733364860467322,20.891433715820312,266800.0
1998-04-16,20.60165379444758,20.654343446095783,20.15379175543785,20.232826232910156,49800.0
1998-04-17,19.99571676241437,19.99571676241437,19.389785951432117,19.574199676513672,177100.0
1998-04-20,19.67957930015175,19.67957930015175,19.495165571770144,19.653234481811523,48900.0
1998-04-21,19.468816389208254,19.495161201642908,19.258057889731035,19.389781951904297,71200.0
1998-04-22,19.65322647497333,19.969364166259766,19.495157629330112,19.969364166259766,84100.0
1998-04-23,19.7059268951416,19.732271717193928,19.54785796282763,19.7059268951416,88100.0
1998-04-24,19.60054740055829,20.601650628006162,19.60054740055829,20.101099014282227,148500.0
1998-04-27,19.863995484217703,19.863995484217703,19.495167981858224,19.62689208984375,127400.0
1998-04-28,20.417240013678867,20.496274491151173,20.18013658126195,20.232826232910156,169000.0
1998-04-29,20.232819447875492,20.259164264864914,19.890336827013016,19.995716094970703,131400.0
1998-04-30,20.23281618274545,20.443574684649047,20.2064713700075,20.2591609954834,56400.0
1998-05-01,20.364544100639147,20.70702673105093,20.364544100639147,20.54895782470703,236900.0
1998-05-04,20.654336250024752,20.81240514989739,20.601646616733873,20.786060333251953,74700.0
1998-05-05,20.733378183506332,20.786067835815118,20.496274748116807,20.601654052734375,211300.0
1998-05-06,21.023162841796875,21.075852472979324,20.86509394824953,21.023162841796875,89600.0
1998-05-07,20.75971009774868,20.75971009774868,20.180124282836914,20.180124282836914,176600.0
1998-05-08,20.23281363553779,20.417227301486705,20.23281363553779,20.39088249206543,125500.0
1998-05-11,20.49626991700153,20.654338836669922,20.417235457167333,20.654338836669922,148200.0
1998-05-12,20.654334867061092,20.759714126586914,20.469921162890905,20.759714126586914,116100.0
1998-05-13,20.865094461285484,21.023163358719465,20.865094461285484,20.99681854248047,60600.0
1998-05-14,20.759714801344987,20.917783695771472,20.62799072265625,20.62799072265625,122600.0
1998-05-15,20.62799068065505,20.62799068065505,20.18012881402525,20.338197708129883,331700.0
1998-05-18,20.232826232910156,20.285515884558357,20.02206762631734,20.232826232910156,174500.0
1998-05-19,20.338205536206562,20.338205536206562,20.15379175543785,20.232826232910156,635600.0
1998-05-20,20.23282648657289,20.627998878888764,20.23282648657289,20.601654052734375,429800.0
1998-05-21,20.443584839502968,20.443584839502968,20.232826232910156,20.232826232910156,244500.0
1998-05-22,20.25916011268188,20.25916011268188,20.127436054732062,20.206470489501953,71100.0
1998-05-26,20.68067968194255,20.759714126586914,20.627990052179637,20.759714126586914,298900.0
1998-05-27,20.443574167226817,20.469918979297983,19.96936754994578,20.285505294799805,67700.0
1998-05-28,19.758614105917264,19.784958924725153,19.495165917838367,19.732269287109375,115800.0
1998-05-29,19.732264963961438,19.811299403069427,19.02095501198953,19.073644638061523,200300.0
1998-06-01,19.099986389891743,19.389779286841822,19.099986389891743,19.23171043395996,46600.0
1998-06-02,19.495162085142887,19.600541339657173,19.3897828306286,19.442472457885742,229900.0
1998-06-03,19.495162963867188,19.837645556475664,19.46881814905115,19.495162963867188,107100.0
1998-06-04,20.180124016695245,20.46991692032925,20.180124016695245,20.39088249206543,94400.0
1998-06-05,19.96936754994578,20.285505294799805,19.863988301661106,20.285505294799805,54300.0
1998-06-08,20.654335423519736,21.075852472979324,20.654335423519736,21.023162841796875,108500.0
1998-06-09,21.049512706621726,21.20758163808572,20.786064487515073,20.86509895324707,170400.0
1998-06-10,20.759717416640726,20.759717416640726,20.338200311734315,20.49626922607422,63100.0
1998-06-11,20.338197460225153,20.338197460225153,19.65323226078752,19.863990783691406,45500.0
1998-06-12,19.96937265638038,19.96937265638038,19.574200374262034,19.732269287109375,29700.0
1998-06-15,19.337096110376816,19.495165015911233,19.02095829930799,19.099992752075195,65800.0
1998-06-16,19.12633411700909,19.231713368342472,19.020954865675705,19.17902374267578,72000.0
1998-06-17,19.91668219933143,20.654337095602965,19.890337381607445,20.54895782470703,195300.0
1998-06-18,20.57530104928684,20.654335496339158,20.23281844539346,20.338197708129883,134700.0
1998-06-19,20.23281275800859,20.23281275800859,19.811295825550076,19.94301986694336,188100.0
1998-06-22,19.65323500658469,19.969372835108842,19.547855730409974,19.916683197021484,110800.0
1998-06-23,19.99571765415252,20.127441749370917,19.574200549453654,19.916683197021484,126600.0
1998-06-24,19.91668526185762,20.180133479607058,19.7849611529829,20.101099014282227,148900.0
1998-06-25,19.70592189151349,20.10109412195828,19.38978410715766,19.863990783691406,212800.0
1998-06-26,19.705932932115903,19.78496742248535,19.62689844174645,19.78496742248535,68900.0
1998-06-29,19.83765384554863,20.443584839502968,19.70592971642812,20.232826232910156,64400.0
1998-06-30,20.18013658126195,20.443584839502968,20.127446929613747,20.232826232910156,99500.0
1998-07-01,20.153779473068198,20.44357238052408,20.153779473068198,20.180124282836914,270800.0
1998-07-02,20.285508076761673,20.390887339498097,20.285508076761673,20.338197708129883,60400.0
1998-07-06,19.705932932115903,19.8640019128548,19.600553611623305,19.78496742248535,198900.0
1998-07-07,20.443580781182355,21.075856475445725,20.39089113999374,20.917787551879883,208200.0
1998-07-08,20.865101913259,20.91779156455511,20.707032959370675,20.81241226196289,289000.0
1998-07-09,20.812408269502654,21.04951165485142,20.812408269502654,20.917787551879883,265700.0
1998-07-10,20.89144203749407,21.10220059524937,20.812407578335833,21.049510955810547,30000.0
1998-07-13,21.07585577552996,21.128545414968784,20.944131676932898,21.049510955810547,136300.0
1998-07-14,21.102194934421117,21.41833268624765,21.075850121768905,21.339298248291016,145000.0
1998-07-15,21.444681004381994,21.813508441803798,21.444681004381994,21.550060272216797,232000.0
1998-07-16,21.550061142153858,21.65544041424263,21.418337052042894,21.602750778198242,137000.0
1998-07-17,21.260267095412928,21.49737044591939,21.128543011798225,21.365646362304688,63100.0
1998-07-20,21.365646553505897,21.708129173969,21.365646553505897,21.550060272216797,194400.0
1998-07-21,21.444680418543413,21.444680418543413,20.944128910002473,20.99681854248047,131600.0
1998-07-22,20.9968230628004,21.049512706621726,20.759719665604408,20.86509895324707,68900.0
1998-07-23,20.49626991700153,20.654338836669922,20.417235457167333,20.654338836669922,115500.0
1998-07-24,20.654343705043157,20.70703335735194,20.469929921962414,20.601654052734375,44400.0
1998-07-27,20.522606539171797,20.62798577685689,20.23281363553779,20.39088249206543,66300.0
1998-07-28,20.338193141449214,20.36453795121793,20.180124282836914,20.180124282836914,27400.0
1998-07-29,20.180124418003352,20.338193277674396,20.04840036827748,20.074745178222656,83200.0
1998-07-30,20.285509829297,20.812406188499516,20.285509829297,20.73337173461914,78800.0
1998-07-31,20.680675395699435,20.786054633384527,20.338192873222884,20.39088249206543,76400.0
1998-08-03,19.600548461914062,20.02206563313802,19.495169169108074,19.758617401123047,92800.0
1998-08-04,19.65323007625082,19.732264513554778,19.389781951904297,19.389781951904297,162700.0
1998-08-05,19.310758063189017,19.626895985096613,19.17903392906085,19.33710289001465,110400.0
1998-08-06,19.3107496610687,19.916680414417378,19.3107496610687,19.863990783691406,50800.0
1998-08-07,19.916681452000393,20.101095169148547,19.70592291811679,19.811302185058594,44300.0
1998-08-10,19.65323007625082,19.65323007625082,19.284402702165686,19.389781951904297,62600.0
1998-08-11,18.96826376462116,19.02095338618955,18.652126035210806,18.862884521484375,132300.0
1998-08-12,18.757507627660576,18.810197255828164,18.546749114990234,18.546749114990234,133300.0
1998-08-13,18.283301991954488,18.59943977855889,18.17792272975302,18.494060516357422,227600.0
1998-08-14,19.2844082239724,19.41613232386292,19.126339304103773,19.205373764038086,56100.0
1998-08-17,18.968265240009014,19.231713368342472,18.968265240009014,19.17902374267578,137200.0
1998-08-18,19.363446980714798,20.232826232910156,19.363446980714798,20.232826232910156,104100.0
1998-08-19,20.12743352489396,20.12743352489396,19.916675058664705,19.94301986694336,80300.0
1998-08-20,19.94302958352949,19.9957192257581,19.811305477957962,19.837650299072266,49900.0
1998-08-21,19.179025720666957,19.179025720666957,18.283301991954488,18.494060516357422,66600.0
1998-08-24,18.494053316116332,19.020949421988593,18.494053316116332,18.968259811401367,208000.0
1998-08-25,18.810204267838106,18.88923873955171,18.57310085269729,18.67848014831543,106400.0
1998-08-26,17.967160531700614,18.230608633338452,17.861781291045478,18.09888458251953,102200.0
1998-08-27,17.75640197961666,17.78274678967544,17.38757463879376,17.41391944885254,330800.0
1998-08-28,17.519302324417534,17.519302324417534,17.018750829434175,17.229509353637695,179000.0
1998-08-31,17.12412755351421,17.229506799997377,15.727852537612284,15.938611030578613,147700.0
1998-09-01,17.071438716008114,17.91447272667518,17.071438716008114,17.809093475341797,315700.0
1998-09-02,17.809099970319423,17.914479260084626,17.097789764404297,17.097789764404297,113400.0
1998-09-03,16.755308873679862,16.834343349499104,16.491860620949044,16.623584747314453,79000.0
1998-09-04,16.544548524958213,17.018755329813704,16.33378994502244,16.80799674987793,109000.0
1998-09-08,17.282202288212666,17.571995314386964,17.176823005967467,17.255857467651367,135400.0
1998-09-09,17.33488758017377,17.492956463883562,17.176818696463982,17.282197952270508,40600.0
1998-09-10,16.649924166512527,16.649924166512527,16.17571746556755,16.41282081604004,64200.0
1998-09-11,15.438061105848547,16.07033664601982,15.27999222080573,15.859578132629395,73600.0
1998-09-14,16.49185887997427,16.860686394861872,16.4655140574823,16.80799674987793,50200.0
1998-09-15,16.518205898600325,16.91337828851899,16.412826594622015,16.887033462524414,95700.0
1998-09-16,17.07143989705151,17.203163970331225,16.913371009115846,16.966060638427734,43400.0
1998-09-17,16.597239156779032,17.150480462005003,16.491859860545517,17.045101165771484,55800.0
1998-09-18,16.33378880818685,16.38647844950358,15.385375264485676,15.806892395019531,155900.0
1998-09-21,14.990200362316003,14.990200362316003,14.595028120778673,14.779441833496094,340500.0
1998-09-22,14.911164856619305,15.464405955539808,14.911164856619305,15.174612998962402,135700.0
1998-09-23,14.963848569694234,15.438055038452148,14.726745335315275,15.438055038452148,136300.0
1998-09-24,14.38426947593689,14.75309689839681,14.331579844156902,14.542338371276855,283300.0
1998-09-25,13.910063098458684,14.489649060894461,13.910063098458684,14.33158016204834,535200.0
1998-09-28,14.436959460834125,14.621373176574707,14.357925011231018,14.621373176574707,240100.0
1998-09-29,15.49075420279252,16.175719524684705,15.49075420279252,16.017650604248047,128500.0
1998-09-30,15.75420563796471,15.833240114409348,15.069240175444504,15.279998779296875,115200.0
1998-10-01,15.464407566475542,15.727855736262178,15.279993847624898,15.38537311553955,69500.0
1998-10-02,15.30633618356422,15.490749872522825,15.279991370855848,15.464405059814453,123200.0
1998-10-05,15.569794257179714,16.07034601840884,15.543449427641338,15.589552879333496,185600.0
1998-10-06,16.202057495713234,17.282194662094117,16.202057495713234,16.86067771911621,130100.0
1998-10-07,16.39883553641183,17.23085501534598,16.371996198381694,16.908782958984375,120100.0
1998-10-08,16.45251202192463,16.45251202192463,16.237797346271453,16.371994018554688,86200.0
1998-10-09,16.640386275756054,16.80142227197305,16.47935027953906,16.747743606567383,112100.0
1998-10-12,16.533029711595965,16.801423051069925,16.15727903633242,16.479351043701172,228000.0
1998-10-13,16.37199887305449,16.42567755788418,16.18412347615059,16.34515953063965,227300.0
1998-10-14,16.2646366807281,16.53303002529457,16.10360067398822,16.371994018554688,90400.0
1998-10-15,16.210956102006893,16.720903396606445,16.130438108122753,16.720903396606445,132700.0
1998-10-16,16.586707277342608,17.445565906590122,16.586707277342608,17.204011917114258,132800.0
1998-10-19,17.069814682006836,17.150332675789887,16.58670671930853,17.069814682006836,142100.0
1998-10-20,17.17717053545393,17.526081811955336,17.17717053545393,17.257688522338867,89200.0
1998-10-21,17.31136718026216,17.49924248299369,16.90877724583746,17.257688522338867,137800.0
1998-10-22,17.150330471992493,17.23084845542908,17.069812488555907,17.177169799804688,75100.0
1998-10-23,17.04297986575322,17.230855234352077,16.962461850639425,17.15033721923828,94700.0
1998-10-26,17.177170233019517,17.499242174888636,17.01613426208496,17.01613426208496,85000.0
1998-10-27,17.713957854679652,18.116547805922373,17.713957854679652,18.036029815673828,204100.0
1998-10-28,18.036026137622436,18.304419383718006,17.955508163793763,17.98234748840332,208900.0
1998-10-29,18.089707038306088,18.57281494140625,17.928671070606033,18.57281494140625,287500.0
1998-10-30,18.894892772604017,19.002250117902904,18.733856754655687,18.868053436279297,95400.0
1998-11-02,19.109601987641433,19.458513259887695,19.109601987641433,19.458513259887695,122900.0
1998-11-03,19.10959535357596,19.10959535357596,18.465451689972276,18.680166244506836,235500.0
1998-11-04,18.948569842162563,19.05592717837878,18.46546182918958,18.76069450378418,164100.0
1998-11-05,18.25074224077033,18.25074224077033,17.821313011575732,18.14338493347168,314200.0
1998-11-06,17.82131502960839,18.51913760606896,17.71395771015292,18.08970832824707,139900.0
1998-11-09,17.713959042618914,17.740798374501672,17.445565723791354,17.60660171508789,176000.0
1998-11-10,17.016135139229856,17.579761066554504,16.82825983012164,17.39188575744629,373300.0
1998-11-11,17.660280649285568,18.00919196910428,17.660280649285568,17.848155975341797,227700.0
1998-11-12,17.928673518219224,18.143388171132028,17.874994854991023,18.009191513061523,345100.0
1998-11-13,18.371519108067027,18.65333203813964,18.277581464709492,18.545974731445312,172300.0
1998-11-16,19.216962354665316,19.48535568364109,18.89489035989439,19.37799835205078,278500.0
1998-11-17,19.270637656057346,19.377994968904463,19.163280343210232,19.21695899963379,38200.0
1998-11-18,19.136444091796875,19.270640754432197,19.055926094215682,19.136444091796875,111500.0
1998-11-19,19.914789865062414,19.914789865062414,19.431681755128285,19.700075149536133,114600.0
1998-11-20,19.80742323863875,20.022137853691746,19.780583911757127,19.941619873046875,76300.0
1998-11-23,20.156332226250118,20.45156478881836,20.022135606900914,20.45156478881836,118900.0
1998-11-24,19.861107991536457,20.263698018391928,19.753750651041667,20.129501342773438,235800.0
1998-11-25,20.12950173829457,20.18318040959669,19.646393696575505,19.673233032226562,261100.0
1998-11-27,19.914787368470456,20.26369873745983,19.914787368470456,20.210020065307617,51700.0
1998-11-30,20.129501901149098,20.129501901149098,19.565875847916924,19.61955451965332,56400.0
1998-12-01,18.438619610922675,18.78753089904785,18.411780281066893,18.78753089904785,291300.0
1998-12-02,18.57281626020159,18.78753089904785,18.304422961643763,18.78753089904785,154700.0
1998-12-03,18.19706683436023,18.35810282404483,17.982352181447425,18.009191513061523,180900.0
1998-12-04,17.92866530363587,18.948559437675037,17.92866530363587,18.680166244506836,337800.0
1998-12-07,18.250746649967592,18.304425316585142,17.982353316879834,18.277585983276367,150900.0
1998-12-08,18.35810651738127,18.814375246614432,18.331267180367554,18.70701789855957,77000.0
1998-12-09,19.10960502307501,19.5927130152314,19.10960502307501,19.37799835205078,127300.0
1998-12-10,20.048986562266336,20.048986562266336,19.592717791772994,19.700075149536133,145800.0
1998-12-11,19.1632813673753,19.270638685960034,19.02908471914438,19.190120697021484,275900.0
1998-12-14,18.733857300321937,19.32432271666446,18.68017862610898,19.00225067138672,84500.0
1998-12-15,18.22390858909042,18.626498616831743,18.197069253907667,18.49230194091797,475300.0
1998-12-16,18.894889380226672,19.109604032274703,18.894889380226672,19.055925369262695,92300.0
1998-12-17,19.485360434009856,19.753753828417704,19.4048424156875,19.700075149536133,161100.0
1998-12-18,20.18317155011996,20.4784041126882,20.129492902380274,20.45156478881836,124800.0
1998-12-21,20.236859561600156,20.344216906754536,20.07582354386859,20.156341552734375,221200.0
1998-12-22,20.263697034944364,20.34421503640772,19.80742835998535,19.80742835998535,83600.0
1998-12-23,19.914785986280627,20.719966012680114,19.914785986280627,20.693126678466797,157500.0
1998-12-24,20.58576903312437,20.93468037266885,20.58576903312437,20.80048370361328,45500.0
1998-12-28,20.693129677555195,20.693129677555195,19.91478887256285,20.022146224975586,69900.0
1998-12-29,20.827322355529223,20.827322355529223,20.290535696881562,20.37105369567871,155000.0
1998-12-30,20.26368808483618,20.29052740680285,18.975400630435995,19.485347747802734,122200.0
1998-12-31,19.48534871694204,19.91477788976721,19.48534871694204,19.861099243164062,66000.0
1999-01-04,19.270645718483575,19.80743250729927,19.216967039602004,19.700075149536133,278300.0
1999-01-05,19.27063999730027,19.458515317608214,19.055925345519768,19.404836654663086,481300.0
1999-01-06,19.216959882762332,19.673228483330714,19.216959882762332,19.592710494995117,410100.0
1999-01-07,19.216964326158553,19.673233032226562,19.055928312252195,19.673233032226562,234800.0
1999-01-08,19.94162599690755,20.236858683268228,19.887947326660154,20.129501342773438,294200.0
1999-01-11,20.02214763012338,20.236862350017468,19.968468950149862,20.183183670043945,152800.0
1999-01-12,19.592714153352333,19.861107497918802,19.485356815525744,19.646392822265625,191900.0
1999-01-13,19.216960316863506,19.592710937584304,19.002245676451626,19.43167495727539,402400.0
1999-01-14,19.43167601034675,19.485354673358756,19.055925369262695,19.055925369262695,212700.0
1999-01-15,19.136434304996847,19.431666811806053,19.136434304996847,19.243791580200195,282200.0
1999-01-19,19.377994824252752,19.485352136298474,19.27063751220703,19.27063751220703,428600.0
1999-01-20,19.163280487060547,19.431673771193047,19.109601830234045,19.163280487060547,186400.0
1999-01-21,19.13644101499845,19.297476984269125,18.975405045727776,19.21695899963379,89200.0
1999-01-22,19.055929671634328,19.21696569702842,18.894893646240234,18.894893646240234,207000.0
1999-01-25,18.894882695752024,19.136436593851126,18.86804337374101,19.0827579498291,177900.0
1999-01-26,19.002239983796066,19.324311847928204,18.86804337374101,19.0827579498291,272200.0
1999-01-27,18.545980363733626,18.545980363733626,18.170229676190544,18.250747680664062,372900.0
1999-01-28,18.46545894350721,18.70701291224495,18.358101624068215,18.43861961364746,247700.0
1999-01-29,19.00224121136077,19.539027686257967,18.97540188761591,19.351152420043945,161300.0
1999-02-01,19.80742277788079,20.129494692968283,19.75374412536621,19.75374412536621,124900.0
1999-02-02,19.539027686257967,19.700063628727126,19.324313096299086,19.351152420043945,80600.0
1999-02-03,18.6264898247189,19.324312210083008,18.545971857176887,19.324312210083008,175700.0
1999-02-04,18.84120750427246,18.868046831201625,18.545974908051665,18.84120750427246,153800.0
1999-02-05,18.8143670183547,19.16327824694045,18.787527693078875,18.921724319458008,141000.0
1999-02-08,18.68017402231178,18.76069201378726,18.492298708868987,18.626495361328125,90800.0
1999-02-09,18.626495361328125,18.73385268329543,18.519138039360815,18.626495361328125,125100.0
1999-02-10,18.35810031780618,18.62649359730627,18.33126098985617,18.57281494140625,138100.0
1999-02-11,18.46545937837716,18.68017402231178,18.38494138690168,18.626495361328125,154200.0
1999-02-12,18.492299154747364,18.707013803859088,18.304423836774603,18.4654598236084,52100.0
1999-02-16,18.51913628550623,18.680172253206287,18.465457629606213,18.57281494140625,288500.0
1999-02-17,18.519137603226707,18.572816262946205,18.41178028378771,18.43861961364746,177100.0
1999-02-18,18.519130328605915,18.8948807990414,18.519130328605915,18.680166244506836,201500.0
1999-02-19,18.680175054640998,18.733853718591114,18.465460398840523,18.59965705871582,189600.0
1999-02-22,18.46546472587695,18.78753678504922,18.384946711083877,18.733858108520508,148800.0
1999-02-23,18.841212505946345,18.841212505946345,18.519140497297688,18.76069450378418,188800.0
1999-02-24,19.324318684322733,19.539033336370764,19.055925369262695,19.055925369262695,111000.0
1999-02-25,18.787536295977507,19.109608346765693,18.68017894571478,18.894893646240234,276400.0
1999-02-26,19.109602996657564,19.43167495727539,19.002245676451626,19.43167495727539,269400.0
1999-03-01,19.51219191715635,19.592709903059337,19.377995273984713,19.458513259887695,236600.0
1999-03-02,19.48535361737836,19.64638959768727,19.32431763706945,19.43167495727539,272900.0
1999-03-03,20.129504990070423,20.37105904995127,20.075826310096904,20.183183670043945,214500.0
1999-03-04,20.45156800888646,20.55892532126907,20.183174727929945,20.317371368408203,240300.0
1999-03-05,20.45157706991155,20.532095089871834,19.8074329102293,20.183183670043945,248700.0
1999-03-08,20.29052884559932,20.532082760427883,20.2100108739898,20.45156478881836,142900.0
1999-03-09,20.39788818359375,20.55892414293791,20.10265559146279,20.39788818359375,166700.0
1999-03-10,20.317371368408203,20.61260397746037,20.183174727929945,20.317371368408203,93800.0
1999-03-11,20.263688642624643,20.451563901562885,20.129492029097328,20.424724578857422,132100.0
1999-03-12,20.129494692968283,20.129494692968283,19.404832884021427,19.75374412536621,187100.0
1999-03-15,19.67323581009535,19.726914488976917,19.35116373680593,19.700075149536133,234500.0
1999-03-16,19.80742835998535,19.99530369673318,19.753749692343117,19.80742835998535,123600.0
1999-03-17,19.807425713156633,20.10265834573756,19.807425713156633,20.07581901550293,111300.0
1999-03-18,19.37799600454477,19.37799600454477,19.002245389498196,19.190120697021484,266700.0
1999-03-19,19.43167362532802,19.565870266386916,18.92172638930422,19.21695899963379,267500.0
1999-03-22,19.377994824252752,19.565870120332765,19.08276221612702,19.27063751220703,90100.0
1999-03-23,19.243793881895172,19.45850845798326,19.002239983796066,19.0827579498291,138200.0
1999-03-24,18.973385418648327,19.054932920447676,18.755925413850065,18.837472915649414,113100.0
1999-03-25,19.40830508923631,19.544217589861216,19.272392588611407,19.381122589111328,102300.0
1999-03-26,19.843222916621578,19.979135402351865,19.000565505093814,19.625762939453125,116100.0
1999-03-29,19.35393506181058,19.65294248551833,19.35393506181058,19.59857749938965,107700.0
1999-03-30,19.544214214690744,19.979134141582332,19.51703171926002,19.84322166442871,143900.0
1999-03-31,19.734493740269393,20.006318722917733,19.734493740269393,19.8975887298584,93300.0
1999-04-01,19.40830247229038,19.680127436888284,19.218024997071847,19.46266746520996,173200.0
1999-04-05,19.353933510660124,19.571393437746192,19.24520354711709,19.40829849243164,79700.0
1999-04-06,19.299576218063766,19.435488726641683,18.94620369576119,19.109298706054688,137100.0
1999-04-07,19.408304771348014,19.46266977070753,19.24520977326946,19.27239227294922,163300.0
1999-04-08,19.462666563935333,19.788856506347656,19.462666563935333,19.788856506347656,105300.0
1999-04-09,19.57139413568038,19.6257591193906,19.245204233419038,19.326751708984375,83000.0
1999-04-12,19.544210946860435,19.571393437746192,19.353933510660124,19.40829849243164,82300.0
1999-04-13,19.353930932208584,19.788850728437993,19.109288546829543,19.489843368530273,82100.0
1999-04-14,19.489845965088918,19.84321834660378,19.326751019774367,19.40829849243164,103100.0
1999-04-15,19.082109117507933,19.571393966674805,18.946196659406027,19.571393966674805,144200.0
1999-04-16,18.919021246886217,18.919021246886217,18.266641203890142,18.456918716430664,234300.0
1999-04-19,19.027744298578146,19.73448908681105,19.027744298578146,19.326751708984375,303100.0
1999-04-20,19.353930806982287,19.897580548751453,19.353930806982287,19.734485626220703,134900.0
1999-04-21,19.734490479858902,19.979132923824096,19.734490479858902,19.761672973632812,268700.0
1999-04-22,20.006322021484372,20.441242065429687,20.006322021484372,20.386877059936523,201000.0
1999-04-23,19.951952522183642,20.14222999855324,19.571397569444443,19.8160400390625,174000.0
1999-04-26,19.843220454954544,19.870402948728454,19.59857801098935,19.761672973632812,114600.0
1999-04-27,20.441238403320312,20.984888360855425,20.223778420306267,20.441238403320312,232400.0
1999-04-28,20.386869608149357,20.44123459377109,20.115044680040697,20.142227172851562,66000.0
1999-04-29,20.06068889871543,20.142236414563865,19.788863845887306,20.033506393432617,100400.0
1999-04-30,20.278144357011126,20.549969348391972,20.033501864768365,20.115049362182617,95400.0
1999-05-03,20.033500935168977,20.441238403320312,20.033500935168977,20.441238403320312,22400.0
1999-05-04,20.549968394827335,20.71306338208787,20.441238403320312,20.441238403320312,71000.0
1999-05-05,20.52278567551,20.821793148928027,20.468420680343087,20.685880661010742,85400.0
1999-05-06,20.76742484081522,21.093614759780905,20.76742484081522,20.84897232055664,96100.0
1999-05-07,20.74024906506141,21.066439089675743,20.658701558907826,20.876161575317383,47500.0
1999-05-10,20.495602150967247,20.821792105624553,20.332507173638596,20.6586971282959,140600.0
1999-05-11,20.65869486782666,20.876154813803783,20.441234921849535,20.84897232055664,180000.0
1999-05-12,20.767434046434076,20.848981562323214,20.54997400406304,20.740251541137695,91200.0
1999-05-13,21.039245833284216,21.55571310826148,21.01206334512752,21.39261817932129,132400.0
1999-05-14,20.68588033346078,20.821792819225962,20.414055361930416,20.577150344848633,101300.0
1999-05-17,20.223775351919777,20.223775351919777,19.897585426888813,20.060680389404297,92700.0
1999-05-18,20.169414360458788,20.169414360458788,19.84322437080177,20.115049362182617,99500.0
1999-05-19,19.788857044520714,19.788857044520714,19.38111960541658,19.652944564819336,278500.0
1999-05-20,19.190843419595197,19.24520841511813,19.0277484330264,19.136478424072266,568900.0
1999-05-21,19.35394024615521,19.48985274788383,19.245210244772316,19.435487747192383,183100.0
1999-05-24,19.35394122149493,19.35394122149493,19.02775120090794,19.109298706054688,386900.0
1999-05-25,19.00056461400764,19.00056461400764,18.701557159423828,18.701557159423828,242100.0
1999-05-26,18.701557198866784,18.755922190723954,18.266637264009418,18.402549743652344,255700.0
1999-05-27,18.429732897681912,18.701557866674268,18.37536790388344,18.620010375976562,116400.0
1999-05-28,18.620009671810063,18.86465213465136,18.484097192453785,18.701557159423828,132900.0
1999-06-01,18.91901381472324,19.19083872585432,18.86464883249702,19.16365623474121,153300.0
1999-06-02,19.462667093237407,19.707309556699887,19.462667093237407,19.652944564819336,276800.0
1999-06-03,19.680127436888284,19.680127436888284,19.29957248645122,19.46266746520996,294700.0
1999-06-04,19.48984649181366,19.707306424776714,19.435481508572895,19.571393966674805,294700.0
1999-06-07,19.571395704009078,19.571395704009078,19.35393575174231,19.517030715942383,57700.0
1999-06-08,19.190836586704144,19.190836586704144,18.674369313124288,18.81028175354004,363900.0
1999-06-09,18.864645190622614,19.082105077546217,18.864645190622614,18.919010162353516,151800.0
1999-06-10,18.86464883249702,19.299568690306753,18.783101359157698,19.16365623474121,112500.0
1999-06-11,19.652946245474894,19.8975887298584,19.517033754150724,19.8975887298584,133100.0
1999-06-14,19.897585426888813,20.27814033942494,19.897585426888813,20.060680389404297,65500.0
1999-06-15,20.006323888149804,20.169418919846677,19.97914138286699,20.033506393432617,271400.0
1999-06-16,20.033506393432617,20.142236414563865,20.006323888149804,20.033506393432617,108900.0
1999-06-17,19.843222916621578,19.843222916621578,19.57139794516101,19.625762939453125,133300.0
1999-06-18,19.571401030441812,19.707313537597656,19.353941018992458,19.707313537597656,184200.0
1999-06-21,19.680127933745236,19.680127933745236,19.40830296228467,19.625762939453125,86900.0
1999-06-22,19.57139794516101,19.73449292803735,19.462667956576784,19.625762939453125,65300.0
1999-06-23,19.68012393315633,19.707306424776714,19.51702898343404,19.571393966674805,52300.0
1999-06-24,19.353933315304307,19.353933315304307,18.94619595613357,19.0549259185791,86900.0
1999-06-25,19.326754087930198,19.788856506347656,19.326754087930198,19.788856506347656,124400.0
1999-06-28,19.10928756341167,19.24519999273892,18.919010162353516,18.919010162353516,147600.0
1999-06-29,18.620009671810063,18.701557159423828,18.538462184196295,18.701557159423828,316900.0
1999-06-30,18.674374663552573,18.81028714290885,18.402549704840016,18.701557159423828,294600.0
1999-07-01,18.701556431262244,19.299571317145627,18.64719144163648,19.082111358642578,182000.0
1999-07-02,18.728738615433027,18.75592110979505,18.59282614362292,18.674373626708984,118000.0
1999-07-06,18.864651895512296,19.381119310519118,18.864651895512296,19.245206832885742,187700.0
1999-07-07,19.136473743628105,19.299568690306753,18.94619630583635,19.16365623474121,137300.0
1999-07-08,19.136476348268342,19.136476348268342,19.054928863829698,19.082111358642578,77400.0
1999-07-09,18.75592215116634,18.75592215116634,18.56564468006755,18.701557159423828,298500.0
1999-07-12,18.484095845903667,18.484095845903667,18.04917594364711,18.26663589477539,187800.0
1999-07-13,17.99481167546884,18.049176665424937,17.722986725688344,17.88608169555664,493600.0
1999-07-14,18.021993466837504,18.103540948587902,17.831716009419914,17.967628479003906,181300.0
1999-07-15,18.021999662247733,18.266642191599512,17.994817158986425,18.13072967529297,367900.0
1999-07-16,18.049177501016032,18.266637470907792,17.940447516070154,18.157907485961914,134600.0
1999-07-19,18.185089982198384,18.185089982198384,18.049177501016032,18.157907485961914,76500.0
1999-07-20,18.103541312961404,18.13072380742531,17.77735137939453,17.77735137939453,118900.0
1999-07-21,17.77735188224099,18.1035418250344,17.505526929913145,17.940446853637695,135200.0
1999-07-22,17.913264560259982,17.913264560259982,17.64143960486909,17.695804595947266,110000.0
1999-07-23,17.505527329964803,17.505527329964803,17.179337379717012,17.451162338256836,91600.0
1999-07-26,17.396797676204528,17.913265107216848,17.369615179835456,17.559892654418945,240600.0
1999-07-27,17.886083440082828,18.04917842585866,17.83171844482422,17.83171844482422,190100.0
1999-07-28,17.85889850333671,18.239453418171895,17.85889850333671,17.967628479003906,66300.0
1999-07-29,17.85889886278625,18.049176324033592,17.695803896002815,17.77735137939453,136800.0
1999-07-30,17.722988454307,18.157908416375882,17.69580595667769,17.83171844482422,89300.0
1999-08-02,17.750171821535996,17.88608431634102,17.668624324652985,17.804536819458008,129600.0
1999-08-03,18.266634337295443,18.64718921932243,18.185086862575375,18.375364303588867,179700.0
1999-08-04,18.4840972314381,18.647192207009613,18.37536724772376,18.402549743652344,136000.0
1999-08-05,18.456911778308935,18.456911778308935,18.185086862575375,18.375364303588867,103600.0
1999-08-06,18.15790963064376,18.53846462290276,17.913267135620117,17.913267135620117,119200.0
1999-08-09,17.722986785120934,17.722986785120934,17.179336883736855,17.288066864013672,167300.0
1999-08-10,17.23370393615531,17.369616427765372,17.070608946223246,17.34243392944336,175400.0
1999-08-11,17.369613817069162,17.50552628825124,17.34243132283275,17.423978805541992,133200.0
1999-08-12,17.342431884765624,17.342431884765624,16.961876953125,16.989059448242188,115600.0
1999-08-13,17.17934359036959,17.559898669903095,17.15216108468863,17.315256118774414,113400.0
1999-08-16,17.260891107412487,17.34243862445538,17.0977960733267,17.315256118774414,110600.0
1999-08-17,17.233704326647775,17.233704326647775,16.96187933726847,17.152156829833984,95600.0
1999-08-18,17.12497488759196,17.15215738741354,16.961879888662516,17.016244888305664,111900.0
1999-08-19,16.85314717230859,16.85314717230859,16.60850471335572,16.744417190551758,118000.0
1999-08-20,17.070606903460043,17.39679684429049,17.043424408390837,17.288066864013672,100000.0
1999-08-23,17.559895749084756,17.750173257201773,17.505530746765608,17.641443252563477,171000.0
1999-08-24,17.451161469122855,17.614256436124002,17.423978974622663,17.478343963623047,259300.0
1999-08-25,17.61425707491503,18.157906984634632,17.58707457942905,17.99481201171875,172500.0
1999-08-26,18.103546142578125,18.321006156302786,17.994816135715794,18.103546142578125,203000.0
1999-08-27,17.94044702074679,18.07635949817669,17.83171703880287,17.99481201171875,97700.0
1999-08-30,17.886081381125916,18.049176348127066,17.451161469122855,17.478343963623047,73100.0
1999-08-31,17.99481685632674,18.23945938156381,17.886086845110263,18.02199935913086,161800.0
1999-09-01,18.103542493488973,18.212272478434855,18.049177501016032,18.157907485961914,139300.0
1999-09-02,18.103543421117273,18.130725918746577,17.83171844482422,17.83171844482422,236600.0
1999-09-03,17.94044843534144,17.94044843534144,17.69580595667769,17.83171844482422,40200.0
1999-09-07,17.83171670560054,18.021994170446888,17.83171670560054,17.88608169555664,101000.0
1999-09-08,17.994812508543095,18.212272478434855,17.940447516070154,18.157907485961914,73900.0
1999-09-09,18.320999145507812,18.45691160207686,18.266634162880194,18.320999145507812,151900.0
1999-09-10,18.2666384068931,18.2666384068931,17.83171844482422,17.83171844482422,95400.0
1999-09-13,17.478342750668524,17.559890228509904,17.233700317144393,17.39679527282715,281000.0
1999-09-14,17.070609333020194,17.260886825585704,16.93469683833054,17.152156829833984,199200.0
1999-09-15,17.34243392944336,17.478346421053416,17.260886434477325,17.34243392944336,86600.0
1999-09-16,18.266634162880194,18.48409409339067,18.212269180252573,18.320999145507812,454000.0
1999-09-17,18.592827175938808,18.94619962226513,18.592827175938808,18.701557159423828,244900.0
1999-09-20,18.592827879077326,18.810287854271213,18.56564538217809,18.620010375976562,126100.0
1999-09-21,18.42973621463916,18.647196228971186,18.293823705681646,18.456918716430664,154700.0
1999-09-22,18.21226935414873,18.48409426988229,18.076356896281947,18.375364303588867,226000.0
1999-09-23,18.076364517211914,18.130729523278717,17.8317219899113,18.076364517211914,226400.0
1999-09-24,17.750167499889027,18.239452362060547,17.66862002286044,18.239452362060547,231400.0
1999-09-27,18.21227384003275,18.375368829644984,18.10354384695793,18.293821334838867,245500.0
1999-09-28,18.26664089626736,18.348188400268555,18.076363386931245,18.348188400268555,83900.0
1999-09-29,18.239453400884354,18.348183376448496,18.04917594364711,18.26663589477539,135100.0
1999-09-30,18.293824387172048,18.293824387172048,18.02199935913086,18.02199935913086,140200.0
1999-10-01,17.886082064720892,17.886082064720892,17.66862210040818,17.695804595947266,299700.0
1999-10-04,17.804534708160954,18.37536711865161,17.777352212423303,18.049177169799805,199000.0
1999-10-05,17.99481167546884,18.185089140315185,17.88608169555664,17.88608169555664,66600.0
1999-10-06,17.97886311349693,18.20082438650307,17.951117954371167,18.08984375,60700.0
1999-10-07,18.533763702209292,18.644744323180603,18.395037925995148,18.478273391723633,182000.0
1999-10-08,18.58925577799479,18.894452514648435,18.45052998860677,18.727981567382812,111100.0
1999-10-11,18.64474924599252,18.64474924599252,17.97886534434993,18.20082664489746,133700.0
1999-10-12,18.367297620308108,18.42278794544499,18.14533631976058,18.20082664489746,138100.0
1999-10-13,18.145335117233135,18.145335117233135,17.756902867017136,17.812393188476562,142300.0
1999-10-14,17.867881417274475,18.062097519636154,17.562684684991837,17.756900787353516,106900.0
1999-10-15,17.28523374417933,17.47944985366449,16.980037000702648,17.06327247619629,248200.0
1999-10-18,17.063277415895687,17.479454913844364,17.035532249365776,17.451709747314453,102800.0
1999-10-19,17.423958897590637,17.756900787353516,17.423958897590637,17.756900787353516,86600.0
1999-10-20,17.701417922973633,17.756908261290164,17.562692077182305,17.701417922973633,67200.0
1999-10-21,17.257482528686523,17.618169462565824,17.091011636126847,17.257482528686523,240600.0
1999-10-22,17.534938263816954,17.64591888573985,16.980035154202493,17.368467330932617,168100.0
1999-10-25,17.92337620204063,18.478279490029504,17.867885873241743,18.2840633392334,185100.0
1999-10-26,18.20082403112341,18.506020775547736,17.951117603867143,17.978862762451172,155300.0
1999-10-27,18.08984497022925,18.08984497022925,17.673667555269986,17.867883682250977,161700.0
1999-10-28,17.978863448374657,18.00660860801721,17.590431213378906,17.590431213378906,144400.0
1999-10-29,17.895625569270205,18.200822284405046,17.895625569270205,18.034351348876953,189500.0
1999-11-01,18.03434354038865,18.062088684296942,17.72914695739746,17.72914695739746,249000.0
1999-11-02,17.729161412613568,17.756906579143482,17.451709747314453,17.451709747314453,129400.0
1999-11-03,17.673667555269986,18.034354648234682,17.673667555269986,17.867883682250977,367200.0
1999-11-04,17.978860672044313,18.4227831577738,17.923370361328125,17.923370361328125,179700.0
1999-11-05,17.534942286789036,17.673668096019963,17.368471315711925,17.423961639404297,266000.0
1999-11-08,16.869061708840526,17.091023047114746,16.869061708840526,16.95229721069336,296700.0
1999-11-09,16.369646650573518,16.39739181438805,15.676017555210233,15.925724029541016,775300.0
1999-11-10,15.953462315606071,16.34189444155126,15.870226860046387,15.870226860046387,1216200.0
1999-11-11,15.648269338706104,16.25866282354925,15.648269338706104,16.147682189941406,851700.0
1999-11-12,16.48062152350509,16.64709244798494,16.36964090718519,16.53611183166504,733900.0
1999-11-15,16.619347360224467,16.924544056322077,16.369640972508236,16.84130859375,497100.0
1999-11-16,17.312978722726346,17.312978722726346,16.647094925698408,17.007781982421875,628900.0
1999-11-17,16.952291666002882,17.091017457050366,16.952291666002882,17.007781982421875,659000.0
1999-11-18,16.785817800783644,17.063269334680893,16.75807264739392,16.98003387451172,471200.0
1999-11-19,16.203171819703194,16.31415244860527,15.814739618545925,16.23091697692871,308400.0
1999-11-22,15.981210886813365,16.036701202392578,15.897975413444545,16.036701202392578,380000.0
1999-11-23,16.425137389933944,16.952295515624392,16.425137389933944,16.70258903503418,448000.0
1999-11-24,16.480621589271006,16.869053747940693,16.369640972508236,16.84130859375,257200.0
1999-11-26,16.95229721069336,17.202003716251852,16.869061708840526,16.95229721069336,120200.0
1999-11-29,16.75807849131216,17.049402703495563,16.674843002116898,16.73033332824707,394900.0
1999-11-30,16.341901779174805,16.48062760072977,16.20317595761984,16.341901779174805,378200.0
1999-12-01,16.31415004406945,16.50836611602266,16.17542427838859,16.369640350341797,319700.0
1999-12-02,16.092195012428203,16.175430503871798,15.870233701911953,15.925724029541016,374700.0
1999-12-03,16.036700339309085,16.230916433383765,15.870229401530791,16.06444549560547,283700.0
1999-12-06,16.008960341754026,16.258666828887105,15.870234515568981,16.203176498413086,276200.0
1999-12-07,15.870232411434777,16.147684027019302,15.703761442084062,15.814742088317871,309700.0
1999-12-08,15.343070764592623,15.731502935848134,15.259835299323585,15.565032005310059,410600.0
1999-12-09,15.537284851074219,15.870226669311524,15.315323638916016,15.537284851074219,198200.0
1999-12-10,15.370813941955568,15.537284851074219,15.204343032836915,15.259833335876465,166600.0
1999-12-13,15.426304532649503,15.53728514079806,15.232088468389527,15.343069076538086,422400.0
1999-12-14,15.370817515706232,15.370817515706232,15.037875620059165,15.17660140991211,331000.0
1999-12-15,15.232093741773893,15.232093741773893,14.899151802062988,14.899151802062988,612300.0
1999-12-16,14.899151458525523,15.093367585545408,14.45522888248007,14.78817081451416,440700.0
1999-12-17,14.760425220836293,15.121112303300338,14.760425220836293,14.954641342163086,345800.0
1999-12-20,15.093367585545408,15.398564356576658,14.538464365488593,14.78817081451416,576400.0
1999-12-21,15.09337115513129,15.232096992954189,14.593958138968858,14.677193641662598,378500.0
1999-12-22,14.871406036952756,14.954641518502866,14.649444752819134,14.704935073852539,410000.0
1999-12-23,15.037873335182667,15.037873335182667,14.15002841502428,14.20551872253418,647900.0
1999-12-27,14.233265284643412,14.593952319147046,14.205520128143133,14.344245910644531,305600.0
1999-12-28,14.261010620175988,14.593952502359084,14.205520306478805,14.399736404418945,370100.0
1999-12-29,14.427481289057768,14.982384415559991,14.20552003845688,14.316500663757324,350700.0
1999-12-30,14.344245361955199,14.45522598371114,14.094538963004336,14.177774429321289,318000.0
1999-12-31,14.094538107514381,14.427479952573776,14.011302646249533,14.20551872253418,156200.0
2000-01-03,14.42748391372651,14.42748391372651,14.177777461373552,14.233267784118652,251700.0
2000-01-04,14.205524313038794,14.871408265212487,14.205524313038794,14.482975959777832,425500.0
2000-01-05,14.760425394885944,14.982386679019568,14.704935073852539,14.704935073852539,464900.0
2000-01-06,15.703756675073656,16.39738550347797,15.703756675073656,16.369640350341797,569500.0
2000-01-07,16.42514141012002,16.674847951827925,16.230925211013872,16.4528865814209,308400.0
2000-01-10,16.563857983403647,16.619348294905837,15.7315033108708,16.2586612701416,239800.0
2000-01-11,15.537290472733348,15.981213057668587,15.509545311174895,15.814742088317871,267400.0
2000-01-12,15.95346278912893,16.036698247159165,15.842482178421944,16.008953094482422,259300.0
2000-01-13,15.925718859968514,16.119934943626667,15.814738240735284,16.09218978881836,380900.0
2000-01-14,16.036699325266017,16.119934788891968,15.53728654351033,15.759247779846191,388900.0
2000-01-18,15.259834476139234,15.370815090511156,15.010128093802411,15.315324783325195,403300.0
2000-01-19,15.204345296866627,15.454051697727575,15.148854985564194,15.370816230773926,300400.0
2000-01-20,14.926895580678135,15.065621376037598,14.677189149031104,15.065621376037598,578900.0
2000-01-21,14.982381820678711,15.315323638916016,14.760420608520509,15.259833335876465,523800.0
2000-01-24,14.815910718657753,14.843655869816288,14.538459207072401,14.649439811706543,616200.0
2000-01-25,14.371994930764902,14.371994930764902,14.039052963256836,14.039052963256836,348700.0
2000-01-26,13.706107410146917,13.87257835035113,13.428655843139893,13.789342880249023,545600.0
2000-01-27,13.456402001194885,13.650618112552337,13.151205254776032,13.511892318725586,976900.0
2000-01-28,13.373168661156479,13.76160094592036,13.289933171564218,13.59512996673584,860100.0
2000-01-31,13.37316712484103,13.595128404921379,13.262186484800855,13.400912284851074,465400.0
2000-02-01,13.262185874105503,13.31767619157038,13.040224604245996,13.206695556640625,383700.0
2000-02-02,13.234439486933057,13.289929799247242,13.095713706147595,13.123458862304688,453200.0
2000-02-03,13.428655038114455,13.595125968339014,13.373164728039601,13.53963565826416,1091400.0
2000-02-04,12.846006485922583,12.929241949114306,12.679535559539138,12.873751640319824,1004200.0
2000-02-07,13.04022317121034,13.511890817828586,13.012478015526913,13.345419883728027,716100.0
2000-02-08,13.456399338377034,13.733850871127077,13.456399338377034,13.56737995147705,323500.0
2000-02-09,13.484144491652039,13.62287025802706,13.234438112177001,13.56737995147705,320600.0
2000-02-10,13.511892318725586,13.761598747613737,13.373166524898835,13.511892318725586,555700.0
2000-02-11,12.984735488891602,13.206696779300005,12.8737548436874,12.984735488891602,569200.0
2000-02-14,13.178950397908187,13.428656826500132,13.095714921710872,13.206695556640625,206200.0
2000-02-15,13.34542349795906,13.650620293130679,13.262188008366799,13.59512996673584,310600.0
2000-02-16,13.817091894992911,15.09336945959065,13.817091894992911,14.122288703918457,817000.0
2000-02-17,14.815908282482372,14.815908282482372,14.316495643747013,14.510711669921875,713400.0
2000-02-18,14.815915265092793,14.954641063455085,13.928070155574124,13.955815315246582,228300.0
2000-02-22,15.370820710667513,15.703762675519517,15.370820710667513,15.592782020568848,711300.0
2000-02-23,15.42630987327192,15.537290519842221,14.871406640420412,14.899151802062988,346900.0
2000-02-24,14.261015422527608,14.510721918252798,13.983563760610728,14.427486419677734,401300.0
2000-02-25,13.872583948000512,13.872583948000512,13.595132269040501,13.733858108520508,511600.0
2000-02-28,13.678363286826505,14.122285827575439,13.42865685765523,13.817089080810547,490800.0
2000-02-29,13.373161447459253,13.955809560315362,13.317671150996768,13.67835807800293,328600.0
2000-03-01,13.484151597456497,13.761603276416508,13.373170925872493,13.733858108520508,228300.0
2000-03-02,13.51189589106347,13.595131389365708,13.373170060559737,13.42866039276123,508600.0
2000-03-03,12.901499067318463,13.3176764565868,12.818263589464797,13.289931297302246,630400.0
2000-03-06,12.901500004988451,13.067970972794754,12.8182645210853,12.984735488891602,518200.0
2000-03-07,12.596302455840995,12.624047615435359,12.041399263953727,12.124634742736816,563900.0
2000-03-08,11.969651919229953,12.366749376266018,11.856195502933936,12.224928855895996,671000.0
2000-03-09,11.912920612555284,11.912920612555284,11.686007838982803,11.799464225769043,442500.0
2000-03-10,11.232187343184233,11.317279671541689,11.147095014826776,11.260551452636719,807800.0
2000-03-13,11.288915119548836,11.65764852797631,11.062002252824236,11.459099769592285,542200.0
2000-03-14,11.487468155947598,11.515832274851173,11.17546284800828,11.23219108581543,1164300.0
2000-03-15,11.629285881989194,11.941291112969392,11.45910121054545,11.657649993896484,483000.0
2000-03-16,12.990756137030465,12.990756137030465,12.53693059512547,12.707115173339844,759600.0
2000-03-17,12.763848217255479,12.763848217255479,12.366750717163086,12.366750717163086,382600.0
2000-03-20,12.253294724684496,12.62202813075139,12.16820240020752,12.536935806274414,491800.0
2000-03-21,12.877305104182318,13.132582077613245,12.253294724684496,12.536935806274414,1452500.0
2000-03-22,12.622029654184978,12.934034881591797,12.622029654184978,12.763850212097168,882600.0
2000-03-23,12.678751076970782,12.763843366077968,12.65038698060172,12.707115173339844,919400.0
2000-03-24,12.763851854298682,12.990764776152881,12.622031278139808,12.650395393371582,997500.0
2000-03-27,12.763843705168867,13.047484676394841,12.763843705168867,12.820571899414062,285100.0
2000-03-28,12.934036120444143,13.047492577641021,12.792215548948045,12.877307891845703,682100.0
2000-03-29,12.990760652642502,12.990760652642502,12.735483696586208,12.934032440185547,427400.0
2000-03-30,13.501318798789494,13.671503489530538,13.359498223171958,13.44459056854248,708500.0
2000-03-31,13.728225549721618,13.756589652097077,13.529676833093413,13.671497344970703,510000.0
2000-04-03,14.80605997145176,14.9478804692626,14.380598478019238,14.522418975830078,780200.0
2000-04-04,15.71371351171423,15.71371351171423,15.089703227855543,15.31661605834961,842600.0
2000-04-05,15.203166507367602,15.28825885722227,14.749340641476032,15.004617691040039,1048400.0
2000-04-06,14.749336315894539,14.947885073993119,14.692608099294944,14.777700424194336,411000.0
2000-04-07,14.295510365703318,14.465695012914072,14.295510365703318,14.323874473571777,236500.0
2000-04-10,14.295514775584461,15.118074157512932,14.295514775584461,15.004617691040039,416300.0
2000-04-11,15.43007051457732,15.997352518789722,15.4017064143667,15.968988418579102,528300.0
2000-04-12,15.032975020232024,15.656985304090712,14.976246812608508,15.31661605834961,454000.0
2000-04-13,15.798809194820725,16.110814403336036,15.71371686522564,15.855537414550781,308500.0
2000-04-14,15.742081046104431,15.940629816055297,14.579152536392211,14.749337196350098,971700.0
2000-04-17,15.089705894733296,15.628623962402344,15.089705894733296,15.628623962402344,249600.0
2000-04-18,15.99735135965414,16.22426414489746,15.855530868877063,16.22426414489746,299700.0
2000-04-19,15.88389666704294,16.05408127418983,15.628619756322607,15.827168464660645,508100.0
2000-04-20,15.543531635928282,15.65698807122703,15.288254656506103,15.628623962402344,228100.0
2000-04-24,15.71371349044468,15.742077594218046,15.486800660257753,15.65698528289795,138700.0
2000-04-25,15.656982587132642,15.742074883801841,15.316613400455847,15.71371078491211,473900.0
2000-04-26,15.883895874023438,16.025716372898646,15.685347175598146,15.883895874023438,976100.0
2000-04-27,15.600255012512207,15.628619112534958,15.316614012284713,15.600255012512207,447000.0
2000-04-28,15.03297160653507,15.430068969726562,14.692602438085219,15.430068969726562,201700.0
2000-05-01,15.344977978297642,15.373342078072685,14.806060082571848,14.891152381896973,281100.0
2000-05-02,14.834426336510237,14.834426336510237,14.579149401465129,14.63587760925293,326200.0
2000-05-03,14.522417210820896,15.203155517578125,14.465689018591126,15.203155517578125,972500.0
2000-05-04,15.089703074175185,15.344980005881157,14.80606203894633,15.2598876953125,360800.0
2000-05-05,15.373348131125521,15.401712242068557,14.862794134150873,14.94788646697998,231600.0
2000-05-08,15.00461510914128,15.174799779566323,15.00461510914128,15.118071556091309,504500.0
2000-05-09,15.656982181789157,16.22426414489746,15.656982181789157,16.22426414489746,540800.0
2000-05-10,16.110813361333257,16.56463908982152,15.997356929211191,16.195905685424805,395400.0
2000-05-11,16.36608688036601,16.47954328854879,16.224266370137535,16.337722778320312,242700.0
2000-05-12,16.451184807754146,16.536277142966668,16.22427191385409,16.2810001373291,115600.0
2000-05-15,16.25263151995904,16.28099562383331,15.968990481216297,16.025718688964844,129500.0
2000-05-16,15.259883709807895,15.259883709807895,15.089699133118588,15.203155517578125,507600.0
2000-05-17,14.749330772268612,14.862787162824525,14.550782088795765,14.834423065185547,440700.0
2000-05-18,14.408965491876733,14.607514228969523,14.210416754783942,14.550786018371582,405900.0
2000-05-19,14.664244866371154,14.947885966300964,14.607516646385193,14.749337196350098,253300.0
2000-05-22,14.976243019104004,15.118063502239458,14.749330246087275,14.976243019104004,383100.0
2000-05-23,14.8060659122648,15.032978799809088,14.635881246606584,14.94788646697998,205000.0
2000-05-24,15.061339800475073,15.742078322530444,15.061339800475073,15.571893692016602,349100.0
2000-05-25,15.203159488266728,15.401708212926929,15.089703074175185,15.2598876953125,136100.0
2000-05-26,15.430075859892739,15.571896410075576,15.344983529783036,15.515168190002441,209500.0
2000-05-30,15.770445084955696,15.88390152441581,15.600260425765528,15.855537414550781,169800.0
2000-05-31,15.458437572982815,15.770442735006322,15.373345256067314,15.68535041809082,338600.0
2000-06-01,15.656988740185279,15.656988740185279,15.430075859892739,15.515168190002441,464500.0
2000-06-02,15.543533232153916,15.543533232153916,15.032979220878788,15.118071556091309,171500.0
2000-06-05,15.089703227855543,15.31661605834961,15.061339124043783,15.31661605834961,130300.0
2000-06-06,15.486796994930705,15.628617480232267,15.316612412568828,15.373340606689453,86800.0
2000-06-07,15.401709361705814,15.742078629367821,15.401709361705814,15.68535041809082,146300.0
2000-06-08,15.742080688476562,15.883901235219595,15.628624251082137,15.742080688476562,483800.0
2000-06-09,15.798803247136178,15.99735194144489,15.68534685038834,15.770439147949219,393000.0
2000-06-12,16.337725851645317,16.337725851645317,15.997356563069374,16.05408477783203,485500.0
2000-06-13,16.224266370137535,16.961733023325603,16.224266370137535,16.337722778320312,430100.0
2000-06-14,16.33772221516641,16.62136322584638,16.054081204486437,16.13917350769043,431300.0
2000-06-15,16.337719305630387,16.67808845783102,16.22426292156351,16.451175689697266,570300.0
2000-06-16,16.394452819824217,16.507909240722654,16.139175872802735,16.30936050415039,266100.0
2000-06-19,16.22426414489746,16.422812831985365,16.1108077522758,16.22426414489746,212200.0
2000-06-20,16.1108077522758,16.309356439363704,16.1108077522758,16.22426414489746,270700.0
2000-06-21,16.451179186503094,16.64972790082296,16.13917406400045,16.337722778320312,521300.0
2000-06-22,16.394454141983488,16.479546464519736,16.02572074432642,16.082448959350586,503700.0
2000-06-23,16.02572074432642,16.11081306686267,15.628623239157271,16.082448959350586,335000.0
2000-06-26,15.968992455688046,16.08244888521336,15.968992455688046,16.05408477783203,132800.0
2000-06-27,15.600254389353177,15.770438982691575,15.600254389353177,15.71371078491211,517200.0
2000-06-28,15.7137109495753,15.827167346323137,15.68534685038834,15.770439147949219,279500.0
2000-06-29,16.110808672223772,16.110808672223772,15.827167674473355,15.883895874023438,360700.0
2000-06-30,15.997353002350442,16.195901709826423,15.968988901282446,16.13917350769043,611000.0
2000-07-03,16.167540501073464,16.536273880922508,16.167540501073464,16.507909774780273,391500.0
2000-07-05,16.848281718589163,16.848281718589163,16.678097054765033,16.791553497314453,270100.0
2000-07-06,17.075191114416075,17.21701163862219,16.905006485368737,16.93337059020996,276900.0
2000-07-07,16.422817828098797,16.905007643431578,16.394453721314516,16.649730682373047,169400.0
2000-07-10,16.564638436246078,16.8199153984485,16.50791022242332,16.6780948638916,340800.0
2000-07-11,16.422812515103878,16.79154578400949,16.422812515103878,16.763181686401367,473400.0
2000-07-12,16.79154569981462,16.81990979728052,16.6497252124851,16.734817504882812,627300.0
2000-07-13,16.33773451787059,16.5362833748586,16.167549783309436,16.479555130004883,581700.0
2000-07-14,16.252634048461914,16.36609048160999,16.05408529045278,16.252634048461914,305300.0
2000-07-17,16.64972654051478,16.64972654051478,16.47954194214495,16.536270141601562,364400.0
2000-07-18,16.507908454827504,16.507908454827504,15.997354585090571,16.025718688964844,715400.0
2000-07-19,16.082448959350586,16.28099771193516,16.02572074432642,16.082448959350586,596300.0
2000-07-20,16.139175872802735,16.337724609374998,16.139175872802735,16.30936050415039,143500.0
2000-07-21,16.054080719210962,16.167537120053442,15.883896117947241,15.968988418579102,154900.0
2000-07-24,16.280998009516356,16.39445444163842,16.195905685424805,16.195905685424805,256600.0
2000-07-25,16.195901709826423,16.22426581089442,16.082445305554433,16.13917350769043,172600.0
2000-07-26,16.280993931730027,16.309358032656387,16.054081124319158,16.110809326171875,144700.0
2000-07-27,15.88389666704294,15.940624869425235,15.770440262278347,15.827168464660645,156500.0
2000-07-28,15.71371078491211,15.770438982691575,15.600254389353177,15.71371078491211,106100.0
2000-07-31,15.628628167472579,15.997361681405689,15.571899934559791,15.798812866210938,129900.0
2000-08-01,15.88390152441581,16.02572207374095,15.798809194820725,15.855537414550781,97200.0
2000-08-02,15.855532417834644,16.280993931730027,15.855532417834644,16.110809326171875,199500.0
2000-08-03,16.05408529045278,16.337726373322973,15.968992965591724,16.252634048461914,262800.0
2000-08-04,16.564640045166016,16.649732374165158,16.451183606500496,16.564640045166016,218300.0
2000-08-07,16.593002093206977,16.62136619934921,16.47954566863804,16.507909774780273,68300.0
2000-08-08,16.50790947118845,16.593001788050245,16.28099662622366,16.394453048706055,179200.0
2000-08-09,16.451181562495805,16.564637987064742,16.33772513792687,16.507909774780273,151000.0
2000-08-10,16.47954328854879,16.507907390594482,16.30935867627462,16.337722778320312,217900.0
2000-08-11,16.50791022242332,16.763187184625743,16.50791022242332,16.6780948638916,257800.0
2000-08-14,16.96173865647865,17.075195102341386,16.848282210615917,16.990102767944336,279800.0
2000-08-15,17.13191932409852,17.24537574346341,16.905006485368737,16.93337059020996,162800.0
2000-08-16,16.734825276039743,16.81991760795181,16.649732944127678,16.791553497314453,179400.0
2000-08-17,16.536267977747425,16.59299616978086,16.451175689697266,16.451175689697266,148600.0
2000-08-18,16.1108077522758,16.22426414489746,15.99735135965414,16.22426414489746,491900.0
2000-08-21,16.42281723022461,16.451181335976294,16.309360807217878,16.42281723022461,110100.0
2000-08-22,16.422818698184027,16.422818698184027,16.167541723600856,16.252634048461914,344600.0
2000-08-23,16.08244888521336,16.28099763688266,15.997356563069374,16.05408477783203,558500.0
2000-08-24,15.940623743070972,15.940623743070972,15.68534685038834,15.770439147949219,221300.0
2000-08-25,15.486797993794244,15.770438982691575,15.486797993794244,15.71371078491211,120500.0
2000-08-28,15.65698631245232,15.827170946283323,15.62862220681382,15.68535041809082,95800.0
2000-08-29,15.344978112307462,15.656983212557707,15.344978112307462,15.600255012512207,212900.0
2000-08-30,15.571890290463443,15.798803081581308,15.571890290463443,15.71371078491211,484000.0
2000-08-31,15.57189574475297,15.713716288876403,15.458439309454223,15.628623962402344,159600.0
2000-09-01,15.344980162161368,15.373344265973127,15.203159643102575,15.31661605834961,177900.0
2000-09-05,14.720965813134463,14.862786293029785,14.692601717155398,14.862786293029785,601200.0
2000-09-06,15.08970702169516,15.08970702169516,14.834430023207837,14.94788646697998,401500.0
2000-09-07,15.118070886565764,15.316619659935297,15.089706776084403,15.231527328491211,277000.0
2000-09-08,15.28825540631731,15.344983626748913,15.146434855238299,15.174798965454102,210200.0
2000-09-11,15.203166507367602,15.203166507367602,15.004617691040039,15.004617691040039,103400.0
2000-09-12,15.061335308985276,15.061335308985276,14.83442253596855,14.976243019104004,112800.0
2000-09-13,14.919522566165563,15.089707234220684,14.891158454823044,15.032979011535645,299500.0
2000-09-14,15.061336980547225,15.089701080322266,14.806060082571848,14.891152381896973,106900.0
2000-09-15,14.806064532494133,14.862792749093728,14.692608099294944,14.777700424194336,112700.0
2000-09-18,14.806064532494133,14.862792749093728,14.720972207594741,14.777700424194336,84100.0
2000-09-19,14.692608099294944,14.806064532494133,14.579151666095756,14.777700424194336,101300.0
2000-09-20,15.004606772925106,15.061334964883235,14.862786293029785,14.862786293029785,316200.0
2000-09-21,15.146436218854019,15.430077346547915,15.146436218854019,15.344985008239746,209200.0
2000-09-22,15.600258101175319,15.770442735006322,15.600258101175319,15.68535041809082,216500.0
2000-09-25,15.57189574475297,15.74208039770109,15.543531635928282,15.628623962402344,134700.0
2000-09-26,15.628621179124583,15.798805801764777,15.600257075351216,15.65698528289795,156400.0
2000-09-27,15.827173304685752,15.997357963875922,15.798809194820725,15.855537414550781,359100.0
2000-09-28,15.940624318368481,16.082444819421582,15.912260218157861,15.968988418579102,428800.0
2000-09-29,16.082446896713392,16.224267416084764,16.025718688964844,16.025718688964844,367500.0
2000-10-02,16.082445305554433,16.167537608758426,16.082445305554433,16.13917350769043,688700.0
2000-10-03,16.13917717437475,16.16754128188683,16.054084851838503,16.082448959350586,230300.0
2000-10-04,16.082445699549233,16.082445699549233,15.883896987209116,15.940625190734863,485800.0
2000-10-05,16.02571661900034,16.110808919632202,15.940624318368481,15.968988418579102,517500.0
2000-10-06,16.280992755856836,16.42281325024583,16.280992755856836,16.366085052490234,184400.0
2000-10-09,16.422826885151164,16.479555130004883,16.30937039544373,16.479555130004883,168100.0
2000-10-10,16.593002394197743,16.734822927481485,16.53627418088425,16.621366500854492,601400.0
2000-10-11,17.400446308000895,17.45844779569423,17.05243738184088,17.19744110107422,398200.0
2000-10-12,17.28443425753301,17.371436443393076,17.139430614432904,17.22643280029297,203600.0
2000-10-13,16.907434953402166,17.110440175827236,16.878434207341442,16.93643569946289,161000.0
2000-10-16,16.936426279496175,17.081429929149394,16.90742554956553,17.05242919921875,187500.0
2000-10-17,17.081435738383114,17.25544017714423,17.081435738383114,17.168437957763672,149700.0
2000-10-18,17.777453304711834,17.98045848111148,17.60344886779785,17.60344886779785,549200.0
2000-10-19,17.45844501246992,17.45844501246992,17.255439837906316,17.371442794799805,207500.0
2000-10-20,16.965436445523615,17.08143942976651,16.907434953402166,16.93643569946289,103800.0
2000-10-23,17.05243020785057,17.37143825595662,17.023429476204566,17.110431671142578,125400.0
2000-10-24,16.704425811767578,16.762427290280662,16.617423593997955,16.704425811767578,197400.0
2000-10-25,16.791423404339664,17.08143071702256,16.791423404339664,16.87842559814453,131000.0
2000-10-26,16.965435150300873,17.284443332614224,16.907433662607538,17.19744110107422,125600.0
2000-10-27,16.878427603139,17.05243201141878,16.878427603139,16.994430541992188,198400.0
2000-10-30,17.168431083691893,17.54544055005675,17.13943035550998,17.4294376373291,294100.0
2000-10-31,17.429443856806454,17.516446072397834,17.371442379745535,17.458444595336914,336300.0
2000-11-01,17.7774481492884,17.806448880363913,17.5164415696088,17.74844741821289,141900.0
2000-11-02,17.92245914169583,18.067462856434467,17.8934583987481,17.951459884643555,143800.0
2000-11-03,18.096460921586225,18.241464614868164,18.096460921586225,18.241464614868164,927400.0
2000-11-06,18.2124599609375,18.27046142578125,17.864451171875,18.125457763671875,214500.0
2000-11-07,17.77745075195116,18.067458105164068,17.719449281308577,18.009456634521484,114600.0
2000-11-08,17.545447388826524,17.719451825740506,17.400443691398205,17.60344886779785,176400.0
2000-11-09,17.603439104285226,17.83544489149162,17.42943476388043,17.80644416809082,128100.0
2000-11-10,17.806454695664442,17.98045913894455,17.690451733477705,17.864456176757812,99300.0
2000-11-13,18.038456867587183,18.212461274670016,17.98045539855957,17.98045539855957,87800.0
2000-11-14,18.270461136781716,18.473466260523736,18.212459672855427,18.328462600708008,112300.0
2000-11-15,18.35746814775918,18.56047332474862,18.299466668619342,18.3864688873291,85100.0
2000-11-16,18.35745926977883,18.70546797631492,18.328458544234156,18.531463623046875,276200.0
2000-11-17,18.647473471925146,18.8504786263629,18.589471999228643,18.82147789001465,66800.0
2000-11-20,18.705472047030465,18.90847717002149,18.705472047030465,18.763473510742188,102800.0
2000-11-21,18.792477062136626,18.82147779834363,18.53147043627362,18.705474853515625,239500.0
2000-11-22,18.531470478533173,18.56047121480631,18.154460906982422,18.154460906982422,84400.0
2000-11-24,17.864448933189106,17.95145111955204,17.71944528925088,17.777446746826172,85200.0
2000-11-27,18.09644889831543,18.212451775868733,17.980446020762123,18.09644889831543,198900.0
2000-11-28,18.2704597400828,18.589467767290593,18.241459010336634,18.35746192932129,147300.0
2000-11-29,18.502469204967806,18.734475088415678,18.502469204967806,18.67647361755371,138000.0
2000-11-30,19.198489309071068,19.459495961309194,19.1694885699335,19.372493743896484,227300.0
2000-12-01,19.285492288305406,19.430495989721233,18.966484145190577,19.082487106323242,172900.0
2000-12-04,19.459494721766237,19.662499882798077,19.459494721766237,19.633499145507812,290100.0
2000-12-05,19.372495370408508,19.430496853553443,18.763479797386683,18.908483505249023,172300.0
2000-12-06,17.487439458949723,17.922450390764393,17.342435815011502,17.777446746826172,434300.0
2000-12-07,17.400445641550416,17.80645603985326,17.3714448988145,17.719453811645508,298200.0
2000-12-08,17.777456163768928,17.835457652068335,17.400446489822766,17.54545021057129,141400.0
2000-12-11,17.71945220849921,18.21246479040508,17.71945220849921,18.18346405029297,542600.0
2000-12-12,18.183454649573083,18.3574590002867,18.125453199335208,18.299457550048828,522500.0
2000-12-13,18.241452495257057,18.241452495257057,18.00944674015045,18.09644889831543,293500.0
2000-12-14,18.61847255308059,18.908479913720477,18.5894718170166,18.5894718170166,232800.0
2000-12-15,18.966481255321966,19.37249155742366,18.908479783593155,19.02448272705078,199800.0
2000-12-18,19.60450165612357,19.60450165612357,19.37249571936471,19.48849868774414,257000.0
2000-12-19,19.48849628294989,19.720502191080243,19.198488897786945,19.459495544433594,173000.0
2000-12-20,18.76347532020201,18.995481197422436,18.299463565761155,18.647472381591797,216400.0
2000-12-21,19.459494721766237,19.865505043829916,19.430493984475977,19.633499145507812,185100.0
2000-12-22,19.517494702551414,19.662498377904694,19.169485881703544,19.54649543762207,155100.0
2000-12-26,19.575491704438864,19.894499717400087,19.575491704438864,19.836498260498047,62500.0
2000-12-27,20.126516402280092,20.416523843235137,20.097515658184587,20.24251937866211,136500.0
2000-12-28,20.3585129918863,20.532517376432338,20.300511530370958,20.474515914916992,168400.0
2000-12-29,20.474519820952082,20.851529392725986,20.474519820952082,20.59052276611328,109000.0
2001-01-02,20.677529368367228,20.79353233817574,20.53252565610659,20.735530853271484,139800.0
2001-01-03,20.300516103183856,20.416519052344906,19.60449840821755,19.633499145507812,244300.0
2001-01-04,18.734476000349098,18.734476000349098,18.27046421086677,18.618473052978516,213300.0
2001-01-05,18.27046421086677,18.705475263506454,18.18346200033883,18.618473052978516,197100.0
2001-01-08,18.154460287094114,18.879478669166563,18.154460287094114,18.560470581054688,177800.0
2001-01-09,17.748449522449125,18.067457602100987,17.748449522449125,17.98045539855957,280000.0
2001-01-10,17.951455163878904,18.2704632524131,17.83545222259374,18.009456634521484,240500.0
2001-01-11,18.154460906982422,18.21246237952869,17.922455016797343,18.154460906982422,138900.0
2001-01-12,18.299461868744864,18.50246699248688,18.212459672855427,18.328462600708008,126100.0
2001-01-16,18.386467158237352,18.705475263506454,18.32846568455206,18.618473052978516,131500.0
2001-01-17,18.70546797631492,18.70546797631492,18.328458544234156,18.531463623046875,164100.0
2001-01-18,18.270465929049422,18.3864688873291,18.212464449909586,18.3864688873291,144000.0
2001-01-19,18.038453305914974,18.067454034702617,17.690444560463238,17.777446746826172,199400.0
2001-01-22,17.719451877220948,18.44447036646894,17.690451137651028,18.3864688873291,205600.0
2001-01-23,18.32846532462123,18.415467533440633,18.067458698163016,18.154460906982422,383700.0
2001-01-24,17.777448544557068,17.80644927627739,17.40043903219289,17.66144561767578,374600.0
2001-01-25,16.994429169708354,17.71944747899625,16.994429169708354,17.574443817138672,665200.0
2001-01-26,17.748454554381425,17.95145975353285,17.545449355230005,17.719453811645508,135900.0
2001-01-29,17.400442862493083,17.831973987088077,17.354042389552266,17.81805419921875,387400.0
2001-01-30,17.725248440785954,17.85981226730725,17.678846205745366,17.841251373291016,328300.0
2001-01-31,17.84125593833341,17.98045913894455,17.748453214571075,17.864456176757812,326500.0
2001-02-01,17.95725658051817,18.096459763144843,17.88765410417258,17.91085433959961,259200.0
2001-02-02,18.212466008359506,18.33310831646534,17.86445710374117,17.901578903198242,152800.0
2001-02-05,18.374867641512303,18.476950809874868,18.314547378447738,18.351667404174805,183900.0
2001-02-06,18.25885623553588,18.4398222511821,18.21245578233254,18.4166202545166,110400.0
2001-02-07,18.323825265230933,18.60687095327442,18.309903708723326,18.444467544555664,678700.0
2001-02-08,18.560475634895415,18.648637256937807,18.44447266217732,18.565114974975586,316100.0
2001-02-09,18.60686966335508,18.93167822833967,18.569749645391735,18.848155975341797,281700.0
2001-02-12,18.875998834668046,18.98272132873535,18.838877043654502,18.98272132873535,275000.0
2001-02-13,18.885277945721835,19.001280879331844,18.815675477530114,18.862077713012695,159700.0
2001-02-14,19.30289185781252,19.488497302048383,19.117288183641353,19.16368865966797,132300.0
2001-02-15,18.555832261096274,18.555832261096274,18.23566299315209,18.319185256958008,305400.0
2001-02-16,18.588314992716594,18.65327636726383,18.51407316893908,18.537273406982422,207600.0
2001-02-20,18.374863398778928,18.490866328746126,18.235660236831134,18.472307205200195,306700.0
2001-02-21,18.30526763684754,18.42127059808223,18.19390401523376,18.36094856262207,130500.0
2001-02-22,18.09646387182925,18.602236907254763,18.09646387182925,18.37487030029297,259200.0
2001-02-23,18.699677336941313,18.9734444012343,18.699677336941313,18.83888053894043,218000.0
2001-02-26,18.843522616009782,19.019847624961198,18.76928078646153,18.889923095703125,93800.0
2001-02-27,18.74607693668525,18.908480354402787,18.653274225104727,18.815677642822266,137200.0
2001-02-28,19.14047892591769,19.14047892591769,18.695028204820744,18.78318977355957,241800.0
2001-03-01,18.93167758173256,19.39568929584397,18.93167758173256,19.233285903930664,162700.0
2001-03-02,19.69728912226184,19.868972886814912,19.53488403033243,19.6044864654541,242800.0
2001-03-05,19.488494657722246,19.79010302116516,19.302889238670534,19.76690101623535,160800.0
2001-03-06,19.070882624640358,19.159045991866158,18.945601007118924,19.145124435424805,128500.0
2001-03-07,19.26935901481019,19.434053669921862,19.189363185872296,19.212892532348633,113200.0
2001-03-08,19.222301171289054,19.763443802956235,19.12348438308316,19.716388702392578,304800.0
2001-03-09,19.81990889518148,20.017544252795176,19.721092113893086,19.9422550201416,130400.0
2001-03-12,19.881076416053077,20.031654839388317,19.772848286470644,19.904603958129883,165500.0
2001-03-13,19.457580856378282,19.52816530440905,19.231713135731734,19.419937133789062,243300.0
2001-03-14,18.558809867119553,19.085836204549274,18.558809867119553,18.90231704711914,306500.0
2001-03-15,18.958784741668552,19.175241019298486,18.775267384763325,18.963489532470703,170700.0
2001-03-16,18.845845694757095,18.90701873137444,18.58703917911837,18.803495407104492,428800.0
2001-03-19,18.53998522394131,18.638801969433235,18.422345728345327,18.61527442932129,336800.0
2001-03-20,18.704684324610056,18.784678339349274,18.563517254752412,18.568222045898438,111600.0
2001-03-21,18.469405276501753,18.817619057518183,18.427054976040793,18.568222045898438,173400.0
2001-03-22,18.304714902308177,18.49293710738662,17.805922558527957,18.257658004760742,316900.0
2001-03-23,18.092965285206013,18.116492838976445,17.838863396395833,18.022380828857422,190400.0
2001-03-26,18.210607528686523,18.314129139516528,18.031794862652806,18.210607528686523,217000.0
2001-03-27,18.469409906864165,18.822328567504883,18.45999852717596,18.822328567504883,176400.0
2001-03-28,18.61057506835163,18.817621809793174,18.351768436586642,18.75644874572754,145000.0
2001-03-29,18.72820929276098,18.96348830848671,18.704681750195693,18.7329158782959,111700.0
2001-03-30,18.963490352983037,19.189358017026667,18.822323287335347,19.034074783325195,90800.0
2001-04-02,18.939965113116795,19.26935616974359,18.892910017185905,19.128189086914062,192100.0
2001-04-03,19.245825947619245,19.292881037011952,19.081129544671573,19.12347984313965,200400.0
2001-04-04,19.269354321044275,19.598745346069336,19.255236357590004,19.598745346069336,181300.0
2001-04-05,19.44346039632772,19.551688543076853,19.2975867402554,19.377582550048828,142500.0
2001-04-06,19.52815771216916,19.758731930393914,19.485807418823242,19.485807418823242,215900.0
2001-04-09,19.64579222811818,19.843425683526313,19.622264692241387,19.725786209106445,157600.0
2001-04-10,19.66932711014965,19.75402770696904,19.490514539637974,19.57992172241211,148000.0
2001-04-11,19.269350569183754,19.434045152110905,19.198766150765646,19.259939193725586,200700.0
2001-04-12,19.14700842759893,19.28817729351631,19.043486866306,19.104658126831055,131500.0
2001-04-16,19.208178084105537,19.363463091120934,19.14700503936889,19.198766708374023,81800.0
2001-04-17,19.476407554093733,19.50464169802352,19.38700212420557,19.434057235717773,114800.0
2001-04-18,19.175238488521867,19.386989947402377,19.057598988592286,19.24582290649414,190300.0
2001-04-19,18.51645749819673,19.175239448808387,18.492929956039827,18.991722106933594,341700.0
2001-04-20,18.657633113861138,18.89291221090838,18.507054635353867,18.75174331665039,423700.0
2001-04-23,19.24582823555516,19.424639032533673,19.24112164903441,19.386995315551758,172700.0
2001-04-24,19.38699027317008,19.528157316450404,19.339933395385742,19.339933395385742,129300.0
2001-04-25,19.10465895330353,19.382288315895096,19.034076312328114,19.292882919311523,115500.0
2001-04-26,19.7163831744693,19.928132862674083,19.7163831744693,19.796377182006836,202800.0
2001-04-27,19.8010843830866,20.05518437583583,19.78696642040745,19.970483779907227,107800.0
2001-04-30,19.716388702392578,19.904610899684233,19.67403839387048,19.716388702392578,85100.0
2001-05-01,19.504636360594304,19.692858550173696,19.4811088112765,19.645803451538086,110700.0
2001-05-02,19.73991071815466,19.871666398821908,19.68344425430249,19.796377182006836,96300.0
2001-05-03,19.857549270197886,19.975188777965602,19.763437304976424,19.88107681274414,117300.0
2001-05-04,20.022245850957873,20.28105243473506,19.975190761193517,20.233997344970703,135300.0
2001-05-07,20.233993485657095,20.25752102605177,20.11635398864746,20.11635398864746,80700.0
2001-05-08,19.998717391120756,20.163411992797727,19.97518984731498,19.979894638061523,104600.0
2001-05-09,19.895198822021484,20.02224974312689,19.857555101899678,19.895198822021484,157400.0
2001-05-10,19.998718306075695,20.266936266813076,19.942251839351144,20.233997344970703,167500.0
2001-05-11,20.092825661000408,20.229287902993594,19.998713708072824,20.163408279418945,70300.0
2001-05-14,20.304579065172547,20.50691915522454,20.233994644908318,20.281049728393555,183100.0
2001-05-15,20.375167457402743,20.75161361694336,20.281055468758368,20.75161361694336,262800.0
2001-05-16,20.845716542211203,21.405681643911283,20.845716542211203,21.353919982910156,377800.0
2001-05-17,21.010416278332965,21.010416278332965,20.563385801021038,20.869247436523438,227300.0
2001-05-18,20.5398599918666,20.84572165317237,20.384574970790386,20.73749351501465,144000.0
2001-05-21,20.30458071678406,20.46457052669865,20.233996290778364,20.42222023010254,185800.0
2001-05-22,19.669323414769316,20.04576944377693,19.598740794038285,19.932836532592773,176900.0
2001-05-23,20.05048416501804,20.403402796990797,19.810498490055856,20.09283447265625,223300.0
2001-05-24,19.881074058974704,20.257520072681782,19.881074058974704,20.201053619384766,177400.0
2001-05-25,20.16341353252085,20.23870275547051,20.026953050012306,20.121063232421875,122400.0
2001-05-29,20.281050708277366,20.506920146021287,20.19635011788251,20.48339080810547,92500.0
2001-05-30,20.751606655863636,20.845718612938366,20.591616867347476,20.6904354095459,171500.0
2001-05-31,20.516333904374186,20.63397343775944,20.370462031800034,20.629268646240234,91800.0
2001-06-01,20.46927376512982,20.704552773924416,20.351634260732524,20.633968353271484,93900.0
2001-06-04,20.633963961124916,20.892772251738133,20.539853813668476,20.746898651123047,103000.0
2001-06-05,20.233998916622408,20.469277973792437,20.210471369912757,20.32340431213379,164700.0
2001-06-06,20.09282736069993,20.13988244362612,19.838725604811252,20.083415985107422,155300.0
2001-06-07,19.975186951243153,20.139881529042135,19.95165941084848,20.11635398864746,437900.0
2001-06-08,20.13988244362612,20.398688989792877,19.998715399811196,20.083415985107422,92000.0
2001-06-11,19.989304264198363,20.01753839131485,19.645797128611438,19.758731842041016,94300.0
2001-06-12,19.76814675074595,19.965782103756545,19.76344195914332,19.899904251098633,78700.0
2001-06-13,20.055180818881652,20.210465815555185,19.92342515748805,19.932836532592773,101400.0
2001-06-14,20.102240599544647,20.375163336878867,20.102240599544647,20.13517951965332,123900.0
2001-06-15,20.008127254808006,20.210467347304228,19.763436868648938,19.95636558532715,170800.0
2001-06-18,20.13988678997858,20.262232904048133,19.99871971569864,20.07400894165039,106400.0
2001-06-19,20.37516613308033,20.45516194649148,19.99871999800754,20.036365509033203,174800.0
2001-06-20,20.03636277002085,20.469275317415324,20.03636277002085,20.42222023010254,90200.0
2001-06-21,20.798666870579755,20.98218422906425,20.779844117136072,20.817489624023438,190800.0
2001-06-22,20.685730022412116,20.7280803157966,20.502212682758156,20.633968353271484,228400.0
2001-06-25,20.63397488318151,20.798671318480046,20.605742542014923,20.704559326171875,207500.0
2001-06-26,20.55397566097506,20.610442124071906,20.39869064366311,20.577503204345703,312600.0
2001-06-27,20.469278933143624,20.892781973913056,20.469278933143624,20.761024475097656,357400.0
2001-06-28,20.64809476181798,20.713972624026106,20.539866588899333,20.58692169189453,88800.0
2001-06-29,20.704554002007946,20.77513842684757,20.61044203390061,20.681026458740234,113300.0
2001-07-02,20.91630856688213,21.19864271781512,20.869251678368794,21.081003189086914,389900.0
2001-07-03,21.03394722852227,21.118647829317883,20.986890341948776,21.062179565429688,92600.0
2001-07-05,20.86925285567869,20.91630974684667,20.610446236883774,20.657503128051758,111900.0
2001-07-06,20.563391140752646,20.82219775954756,20.55397976251905,20.657503128051758,196200.0
2001-07-09,20.38457168405604,20.657496175868324,20.23869806308366,20.61043930053711,158100.0
2001-07-10,20.102237694405265,20.11635385954422,19.834019786547575,19.932836532592773,204300.0
2001-07-11,20.31398696016017,20.44103782907112,19.951658898310264,20.125764846801758,220500.0
2001-07-12,19.730498386404378,19.998716320511857,19.683443301311865,19.88107681274414,255700.0
2001-07-13,19.457570518065857,19.928128468152444,19.354048989671377,19.857545852661133,315200.0
2001-07-16,19.735199780418387,20.022240417176988,19.678733329018115,19.857545852661133,142700.0
2001-07-17,19.59403751661713,19.721088409423828,19.4481656654601,19.721088409423828,277600.0
2001-07-18,19.70697921361385,19.834030151367188,19.645806140983606,19.834030151367188,222700.0
2001-07-19,19.763436910632645,19.951660837319896,19.664620156888216,19.904603958129883,281200.0
2001-07-20,19.857553536603046,19.876376292698705,19.702268491369104,19.8057918548584,161200.0
2001-07-23,19.66932862328801,19.716385511272478,19.5046340029342,19.603450775146484,120900.0
2001-07-24,19.575224365291824,19.594047127911683,19.3964135055155,19.434057235717773,140700.0
2001-07-25,19.42934520491548,19.457577543290938,19.081131406311727,19.292882919311523,218400.0
2001-07-26,19.339938013295136,19.339938013295136,19.151715842323917,19.292882919311523,323500.0
2001-07-27,18.657630934102365,19.029370499778757,18.634101591116913,18.89291000366211,521800.0
2001-07-30,18.775269670757574,19.005842143904,18.775269670757574,18.939964294433594,436200.0
2001-07-31,19.184653317073646,19.382286850911076,19.156419185795453,19.217592239379883,173900.0
2001-08-01,19.716382382970348,19.876372186659275,19.716382382970348,19.84343147277832,206600.0
2001-08-02,19.5987475440673,19.76344217753198,19.528163103989936,19.575218200683594,124600.0
2001-08-03,19.598745346069336,19.702266906192826,19.410521390330253,19.598745346069336,72400.0
2001-08-06,19.3869900303923,19.50462953082546,19.3869900303923,19.481101989746094,107400.0
2001-08-07,19.410521473188275,19.66932806715678,19.33052745843153,19.377582550048828,131600.0
2001-08-08,19.481107069221874,19.546984919435527,19.321117235115803,19.37287712097168,129000.0
2001-08-09,19.457580778554266,19.7634443254148,19.434053227650473,19.70697784423828,185400.0
2001-08-10,19.71168320999589,19.857556901903514,19.692860450710302,19.763444900512695,78200.0
2001-08-13,19.829314752679775,19.829314752679775,19.697559080979225,19.73520278930664,59300.0
2001-08-14,19.594041253195368,19.89990477143253,19.575218496218977,19.890493392944336,186100.0
2001-08-15,20.092825786860217,20.092825786860217,19.664618103641846,19.772846221923828,103600.0
2001-08-16,19.59404316521799,19.63168868284429,19.245831102360135,19.419937133789062,147600.0
2001-08-17,19.057601160452432,19.24582509980484,18.939961647116306,19.2222957611084,128700.0
2001-08-20,19.457583108407785,19.462289696174356,19.288183644594312,19.44817352294922,142500.0
2001-08-21,19.33993084860067,19.43404279673984,19.222291362185736,19.33522605895996,201600.0
2001-08-22,19.551696809535724,19.650513620733815,19.434057235717773,19.434057235717773,109200.0
2001-08-23,19.47169937428321,19.81050006732651,19.43405385559111,19.71168327331543,398900.0
2001-08-24,19.857556901903514,19.857556901903514,19.74932872856707,19.763444900512695,188100.0
2001-08-27,19.659912709373973,20.083415628331704,19.659912709373973,19.885780334472656,138300.0
2001-08-28,19.396402120378564,19.688147589590294,19.231705736683068,19.551685333251953,260700.0
2001-08-29,19.43404767328259,19.443459049961692,19.208180018093778,19.316408157348633,189500.0
2001-08-30,18.808204488216308,19.245823587031587,18.756442819211177,19.198766708374023,499400.0
2001-08-31,19.057594785922554,19.33992880547741,19.024655876809017,19.099945068359375,227100.0
2001-09-04,18.987020436584583,19.118777937836366,18.944670131724525,19.038782119750977,152500.0
2001-09-05,19.175239992894138,19.551686063195195,19.132889697795488,19.269351959228516,255100.0
2001-09-06,19.29287724350438,19.504628694208627,19.222292828257547,19.4105167388916,462300.0
2001-09-07,19.33993855123163,19.683447568006365,19.33993855123163,19.51875114440918,214700.0
2001-09-10,19.245827654827792,19.344644428340015,19.20818214394499,19.330528259277344,315000.0
2001-09-17,18.469406960439834,19.05289984276421,18.469406960439834,18.89291000366211,183400.0
2001-09-18,19.17524090540456,19.335230717275657,18.944666666664602,19.236413955688477,187400.0
2001-09-19,19.85713030317711,19.929251366132966,19.650385212426134,19.813858032226562,329800.0
2001-09-20,18.847443934034327,19.203236484474463,18.847443934034327,18.94841194152832,525400.0
2001-09-21,17.693517461784037,18.693586741167223,17.611781982624677,18.510881423950195,493100.0
2001-09-24,18.510881834392308,19.121500753958216,18.501265571787187,18.991683959960938,363700.0
2001-09-25,19.087848335093305,19.79943539442118,19.087848335093305,19.780202865600586,264700.0
2001-09-26,19.712887853592044,20.04464067182245,19.496526522522377,19.96771240234375,187300.0
2001-09-27,20.030215387171413,20.131183387855586,19.91001486232422,19.95328712463379,1445200.0
2001-09-28,20.006175649024865,20.265809222882268,19.905207648340696,19.95328712463379,605900.0
2001-10-01,19.9773316700788,20.164844240504692,19.857131116306828,19.89078712463379,237800.0
2001-10-02,19.71289029046182,19.76096977703652,19.448449446071276,19.660001754760742,384500.0
2001-10-03,19.352295951609232,19.611929679098054,19.28017486037938,19.592697143554688,548000.0
2001-10-04,19.587879417337128,19.70807994881925,19.4965258395774,19.65519142150879,155800.0
2001-10-05,19.640762785042963,19.785004865690702,19.56864357883334,19.679227828979492,416000.0
2001-10-08,19.208047569604346,19.544609464385925,19.102270502472052,19.472488403320312,324300.0
2001-10-09,18.8185982859157,19.068615656271994,18.688781468570227,19.06380844116211,480900.0
2001-10-10,18.27048305454435,18.631084693778778,18.251250526930967,18.587812423706055,1242000.0
2001-10-11,18.462799804081403,18.57338405758665,18.26567103320434,18.55415153503418,958500.0
2001-10-12,18.8234033268335,19.217660910025515,18.804170802259623,19.10707664489746,274000.0
2001-10-15,18.866678585650998,19.01572608947754,18.76570873266376,19.01572608947754,262800.0
2001-10-16,18.991690953220917,19.09746804671269,18.86668316155219,19.09265899658203,934000.0
2001-10-17,19.42440877607331,19.58788159038902,19.366711193998523,19.5013370513916,574000.0
2001-10-18,19.304208288015047,19.443639526485512,19.28016671168915,19.376327514648438,601900.0
2001-10-19,19.087841080011597,19.54460337825835,19.039759776235297,19.53017807006836,279600.0
2001-10-22,19.275358539605797,19.371519337789376,18.982068930497483,19.3282470703125,716900.0
2001-10-23,18.63108697217655,19.039768146307324,18.616663491760058,18.847448348999023,603500.0
2001-10-24,18.93880304471212,19.208053003530704,18.81860246500807,19.198436737060547,834900.0
2001-10-25,18.943604661424573,19.31862973602231,18.943604661424573,19.29458999633789,704500.0
2001-10-26,19.352291244101767,19.568652631045175,19.352291244101767,19.544612884521484,327900.0
2001-10-29,19.592689431237563,19.664810494078232,19.448449139671048,19.49652862548828,315200.0
2001-10-30,19.472496547581958,19.69847425492766,19.429224259667155,19.592697143554688,324200.0
2001-10-31,19.712889110808508,19.80424086347973,19.54460908375238,19.64076805114746,416000.0
2001-11-01,20.140803102363954,20.140803102363954,19.712889454015635,20.02541160583496,294400.0
2001-11-02,20.361977582326478,20.38601916569425,20.06388065654221,20.107152938842773,240500.0
2001-11-05,20.121566875627614,20.241767398980503,20.11675966170385,20.217727661132812,164000.0
2001-11-06,20.241772758780627,20.28985408132185,20.063876450665397,20.179269790649414,167400.0
2001-11-07,19.98213587135278,20.41004944550404,19.98213587135278,20.188880920410156,450100.0
2001-11-08,20.188887852734684,20.241774561066578,20.126383044923255,20.193695068359375,333700.0
2001-11-09,20.193687888891063,20.4244726732418,20.193687888891063,20.342737197875977,163100.0
2001-11-12,20.36197420281458,20.482174763242327,20.347550722480047,20.448518753051758,127300.0
2001-11-13,20.722575108642317,20.780272696051345,20.45813425241986,20.57833480834961,294200.0
2001-11-14,20.554295063986643,20.717767893415697,20.400438499125762,20.57833480834961,253900.0
2001-11-15,20.679297526832823,20.97739614958037,20.669683098847575,20.94854736328125,371600.0
2001-11-16,21.03510057582985,21.37646976784424,20.967788547445632,21.299541473388672,228600.0
2001-11-19,20.770654264378987,20.982206560461677,20.69853320469991,20.953359603881836,335600.0
2001-11-20,20.698527439707814,20.89084898920977,20.698527439707814,20.857192993164062,442800.0
2001-11-21,20.914899762880882,20.924516028842696,20.751426909760422,20.81873893737793,148000.0
2001-11-23,20.333124905431358,20.8668156258564,20.313892377785553,20.741806030273438,215500.0
2001-11-26,21.01105058325096,21.035090319650553,20.794689287425975,20.890850067138672,133200.0
2001-11-27,20.69852995682008,20.765841957097194,20.54467343215398,20.63121795654297,412700.0
2001-11-28,20.631214862828994,20.938927866018684,20.631214862828994,20.847576141357422,162800.0
2001-11-29,20.81873424803766,20.93893479431284,20.708149965558274,20.8668155670166,152900.0
2001-11-30,20.3475469694404,20.9148936567433,20.275425912840248,20.876428604125977,300600.0
2001-12-03,20.674491824715503,20.97739768360644,20.60237077075089,20.910085678100586,159100.0
2001-12-04,20.91489696642314,21.08317701296677,20.81392893849696,20.962976455688477,217400.0
2001-12-05,20.987013346064813,21.01105308532715,20.780268287002542,21.01105308532715,258700.0
2001-12-06,21.227414860249663,21.698600729489364,21.227414860249663,21.366846084594727,255900.0
2001-12-07,20.93893829348071,20.962978039930142,20.434096281582285,20.81393051147461,327900.0
2001-12-10,20.43409739180903,20.74661961497689,20.414864859958506,20.515832901000977,390400.0
2001-12-11,20.51582978292344,20.56391110524216,20.40524549276275,20.511022567749023,132000.0
2001-12-12,20.626413039274496,20.626413039274496,20.448514922602794,20.559099197387695,178900.0
2001-12-13,20.386006875682966,20.736992138695094,20.313885837289515,20.568710327148438,158900.0
2001-12-14,20.38601443071994,20.544678206226298,20.289853621929634,20.472558975219727,174400.0
2001-12-17,20.871621496968444,21.10721536017478,20.833158278267927,20.86200523376465,289600.0
2001-12-18,21.313961213010394,21.357231647837448,21.05913481407999,21.06394386291504,233000.0
2001-12-19,21.15530343191964,21.251464268887815,20.823550470200633,21.03510284423828,163700.0
2001-12-20,21.4341631252399,21.592826898750186,21.299537260981186,21.371658325195312,172100.0
2001-12-21,21.900546659915534,22.208259870235615,21.828427407936683,22.068828582763672,327900.0
2001-12-24,22.164978683446456,22.164978683446456,21.684176526893477,21.732257843017578,61500.0
2001-12-26,21.737055880688388,22.068810402484214,21.732248668162807,21.785137176513672,186400.0
2001-12-27,21.828413278891315,22.27555932137108,21.828413278891315,22.116893768310547,166600.0
2001-12-28,22.136123868502096,22.285171310281147,21.972651119950154,21.982267379760742,222900.0
2001-12-31,21.97265846879217,22.246715545654297,21.809185665566105,22.246715545654297,110400.0
2002-01-02,22.11208655493639,22.116893768310547,21.895725270814854,22.116893768310547,168600.0
2002-01-03,21.737072784344804,21.967857681432463,21.737072784344804,21.814001083374023,213700.0
2002-01-04,21.39570331057787,21.69380023640892,21.37166356132163,21.650527954101562,259500.0
2002-01-07,21.578404461265173,21.63129299969345,21.424547895354703,21.515899658203125,150200.0
2002-01-08,21.443785701128334,21.71303569781069,21.443785701128334,21.698612213134766,252600.0
2002-01-09,21.607250178154658,21.65533149855777,21.501474941497474,21.621675491333008,166200.0
2002-01-10,21.66012992160494,21.85245145692363,21.640897401250253,21.8236026763916,206100.0
2002-01-11,21.741874213186442,22.150555314620828,21.626480888035676,21.924577713012695,226900.0
2002-01-14,21.948619288250338,21.98227529264542,21.770721168888123,21.924577713012695,288900.0
2002-01-15,22.06882666246699,22.18421818923864,21.972665834080452,22.16498565673828,249800.0
2002-01-16,21.939005355048614,22.039973378957345,21.645715713500977,21.645715713500977,168000.0
2002-01-17,21.890921600940434,21.996698662298783,21.56878503642498,21.732257843017578,272600.0
2002-01-18,21.80919286876643,21.905353696679903,21.7322645732587,21.87650489807129,289500.0
2002-01-22,22.193833917993626,22.227489931996537,21.996705049927193,22.044784545898438,172100.0
2002-01-23,22.049589157104492,22.1649806578518,22.011124100778833,22.049589157104492,225000.0
2002-01-24,22.04478168394321,22.140942497516864,21.977469664676143,21.996702194213867,275300.0
2002-01-25,21.660140661113164,21.669756926058437,21.58802142519614,21.60725212097168,313300.0
2002-01-28,21.636087910626134,21.82840942569948,21.636087910626134,21.785137176513672,115900.0
2002-01-29,21.72745757954537,21.72745757954537,21.53994495612991,21.640913009643555,156600.0
2002-01-30,21.64570416979119,21.95822433914301,21.64570416979119,21.785137176513672,137700.0
2002-01-31,22.48230656543332,22.727516676368655,22.40537829877243,22.53038787841797,349400.0
2002-02-01,23.07850456237793,23.27082616737698,22.751558934348395,23.07850456237793,623700.0
2002-02-04,22.62174197450214,22.62174197450214,22.11690005740604,22.23710060119629,376000.0
2002-02-05,22.2130545428217,22.43903025369155,21.91014874505155,22.116893768310547,491900.0
2002-02-06,22.477503330590334,22.53519908227177,22.28518171283238,22.390958786010742,421900.0
2002-02-07,22.28518430038888,22.68905827728292,22.23710480742427,22.48231315612793,174500.0
2002-02-08,22.362106926139045,22.381339452100065,22.092858899143256,22.261138916015625,164700.0
2002-02-11,22.26594850236494,22.669822386728235,22.26594850236494,22.39576530456543,124400.0
2002-02-12,22.862140655517578,22.93426170784586,22.790021437303846,22.862140655517578,163800.0
2002-02-13,22.93426170784586,23.03042249957872,22.722707599210658,22.862140655517578,465700.0
2002-02-14,22.910228438401777,22.92945913488755,22.73713933122433,22.842914581298828,658400.0
2002-02-15,23.01119322227915,23.030425750163168,22.568854251520747,22.852527618408203,270600.0
2002-02-19,22.852531409161234,22.86214767469838,22.530394767184873,22.64578628540039,199000.0
2002-02-20,22.57366824916458,22.693868823617944,22.30441830210757,22.34769058227539,289700.0
2002-02-21,22.357298584479537,22.616932169519046,22.357298584479537,22.463075637817383,816900.0
2002-02-22,22.549620255024706,22.68424426226554,22.400570936926258,22.66982078552246,741400.0
2002-02-25,22.549619820455906,22.573659559269263,22.26594650058348,22.410186767578125,656200.0
2002-02-26,22.40057870017765,22.40057870017765,22.126521542393377,22.21306610107422,361900.0
2002-02-27,22.3092207697651,22.405379733663537,22.18902023077739,22.39576530456543,855000.0
2002-02-28,22.866953980363448,23.217939376831055,22.838105187214026,23.217939376831055,1193400.0
2002-03-01,23.20832188848478,24.04010945555314,23.20832188848478,23.751628875732422,1638100.0
2002-03-04,23.41025338681916,23.631423744838685,23.27562938689684,23.439102172851562,800200.0
2002-03-05,23.415062299506438,23.487181512998816,23.27082203840725,23.35736656188965,786600.0
2002-03-06,23.52771611666359,23.644528101369122,23.454708394139693,23.625059127807617,392900.0
2002-03-07,23.82462182010153,24.067978525400495,23.746747748672433,24.0631103515625,408200.0
2002-03-08,24.038763871946223,24.968385979554835,24.024163070551694,24.248050689697266,467000.0
2002-03-11,24.248051265175338,24.296721842087837,24.097169506085,24.286989212036133,295500.0
2002-03-12,24.23345265597799,24.23831897144413,23.99496235153673,24.140975952148438,504000.0
2002-03-13,24.42326226557297,24.57414398730531,24.14096779071821,24.43299674987793,809700.0
2002-03-14,24.335667971407,24.569290161132812,24.238324928188547,24.569290161132812,178500.0
2002-03-15,24.481677406652608,24.817510755291398,24.481677406652608,24.744503021240234,167900.0
2002-03-18,24.57416035372098,24.75424379164092,24.457348320927554,24.525487899780273,235800.0
2002-03-19,24.52548098893254,24.52548098893254,24.437872453190078,24.491411209106445,130900.0
2002-03-20,24.49141214458663,24.763972250269926,24.476811340293107,24.64229393005371,107700.0
2002-03-21,24.481676892341937,24.739636185683388,24.481676892341937,24.690963745117188,86600.0
2002-03-22,24.549814942462014,24.613088182974383,24.442739293129904,24.53034782409668,141700.0
2002-03-25,24.457338905066592,24.49627685322839,24.321059799827417,24.481674194335938,205900.0
2002-03-26,24.60335350036621,24.700696518075592,24.437870927259358,24.60335350036621,173900.0
2002-03-27,24.725038365251436,24.822381408775538,24.67636777182145,24.798046112060547,134200.0
2002-03-28,25.47943297400859,25.795797268074846,25.406427114606384,25.537839889526367,227700.0
2002-04-01,25.601120807120648,25.795806884765625,25.528114920501807,25.795806884765625,130300.0
2002-04-02,25.284756995778967,25.328561268239945,25.23121823425289,25.275022506713867,241400.0
2002-04-03,25.28475203380064,25.328556297665298,25.187409018916554,25.21174430847168,181100.0
2002-04-04,25.260418656241807,25.29935475114442,25.187410925386793,25.226348876953125,175600.0
2002-04-05,25.236079598026805,25.352891587220423,25.187409018916554,25.21174430847168,104300.0
2002-04-08,25.226356620981313,25.48431413097347,25.19228497456954,25.4259090423584,165400.0
2002-04-09,25.401559212079857,25.552440960435526,25.31395069453958,25.40642738342285,114400.0
2002-04-10,25.435638936172445,25.503780364990234,25.236086536294867,25.503780364990234,131200.0
2002-04-11,25.503775212820774,25.649788817462202,25.40156401857443,25.52811050415039,205700.0
2002-04-12,25.537840159733268,25.674119250723315,25.35775495330972,25.40642738342285,79600.0
2002-04-15,25.430771545368156,25.503779287685536,25.333428507832988,25.41130256652832,117200.0
2002-04-16,25.48431143992521,25.586520798374725,25.382102081475693,25.474576950073242,126300.0
2002-04-17,25.596248486760025,25.62545194855595,25.231213569297196,25.382095336914062,109900.0
2002-04-18,25.484305048112038,25.528109313127132,25.377227543260997,25.49403953552246,234800.0
2002-04-19,25.523244911282593,25.795805029045095,25.46483983485631,25.7666015625,109000.0
2002-04-22,26.233847088751375,26.710825890426,26.233847088751375,26.57454490661621,270000.0
2002-04-23,26.331190673603754,26.384729437505296,26.25818478737222,26.370128631591797,274900.0
2002-04-24,26.623218383537992,26.74002853800965,26.37986172894745,26.4090633392334,116000.0
2002-04-25,26.506408851619515,26.60375189389328,26.20951340818338,26.4480037689209,127700.0
2002-04-26,26.136502870383318,26.438264576763483,26.12676838222089,26.282516479492188,214600.0
2002-04-29,26.039161369929108,26.087831956926973,25.88341326353928,25.912616729736328,196900.0
2002-04-30,25.863946615482988,25.91748538000088,25.72279930114746,25.72279930114746,225000.0
2002-05-01,25.771463829476605,25.868806838989258,25.693589793199177,25.868806838989258,800900.0
2002-05-02,25.74713290421278,25.985621368434895,25.698460462876987,25.893146514892578,151500.0
2002-05-03,26.574543868645158,26.963915970991724,26.477202699722298,26.48206901550293,623200.0
2002-05-06,26.696217684576695,26.842233126665406,26.696217684576695,26.774091720581055,147500.0
2002-05-07,26.62320872768268,26.62320872768268,26.355516876053862,26.438257217407227,224900.0
2002-05-08,26.03916358947754,26.063498885050784,25.863946490687706,26.03916358947754,309300.0
2002-05-09,25.737403252303416,25.742269569019534,25.567052460612928,25.72766876220703,179200.0
2002-05-10,25.21175248471289,25.45510917251256,24.861320116813012,24.99273109436035,626800.0
2002-05-13,25.06573620543993,25.182548220222678,24.871050133023342,25.026798248291016,539500.0
2002-05-14,24.91484398214333,24.924578467357662,24.768830417254787,24.87590789794922,223500.0
2002-05-15,25.16308431208023,25.26529368519562,25.007336165428868,25.060874938964844,186900.0
2002-05-16,24.86131735187123,24.91972243058168,24.725036359328207,24.841848373413086,200200.0
2002-05-17,24.78830352709309,25.017059326171875,24.652024424661565,25.017059326171875,291800.0
2002-05-20,24.62768086598804,24.73962650716357,24.389192498837126,24.43299674987793,347000.0
2002-05-21,24.433006465439007,24.471942561478397,24.00469826902308,24.072837829589844,389500.0
2002-05-22,24.097168961517134,24.121506106086887,23.907351116519155,23.9462890625,416400.0
2002-05-23,23.994961213784364,23.994961213784364,23.707800341643196,23.805143356323242,401500.0
2002-05-24,24.60822214706941,24.836976107935563,24.486543836751615,24.68609619140625,409600.0
2002-05-28,24.57901672755403,24.700695028185486,24.4086678493354,24.41353416442871,193400.0
2002-05-29,24.481675676494586,24.530348114643537,24.38433265686035,24.38433265686035,290400.0
2002-05-30,24.9440440530451,24.982981988618807,24.515736045049138,24.6276798248291,327500.0
2002-05-31,24.919724614434777,25.021933975301234,24.530354294469138,24.739641189575195,190900.0
2002-06-03,24.79804160977577,24.822376902072495,24.544950485229492,24.544950485229492,80800.0
2002-06-04,24.554682254190993,24.554682254190993,24.31132564484651,24.335660934448242,135900.0
2002-06-05,24.175040232670593,24.359991741605562,24.140970462164578,24.355125427246094,104500.0
2002-06-06,24.632557648308463,24.79317205383544,24.291858005174312,24.31132698059082,119600.0
2002-06-07,24.29185756887042,24.554683162281638,24.18478006266652,24.501144409179688,147500.0
2002-06-10,24.4573393340158,24.608221100793696,24.40866875462349,24.579017639160156,139900.0
2002-06-11,24.627691269096367,24.773706738686883,24.598489660509323,24.64229393005371,115000.0
2002-06-12,24.530357534147797,24.627698734496775,24.335671420121074,24.45734977722168,163400.0
2002-06-13,24.433006788305317,24.442741276609745,24.213985443115234,24.213985443115234,126600.0
2002-06-14,23.9706202022469,23.975486516320654,23.66885859976957,23.77593421936035,240600.0
2002-06-17,24.06796708222013,24.10690317109025,23.917085328272755,24.077701568603516,202100.0
2002-06-18,24.019303280948918,24.286997111021595,23.97549900481558,24.170185089111328,128100.0
2002-06-19,23.751609390871867,23.946295459457158,23.644533724147514,23.668869018554688,179500.0
2002-06-20,23.761345451769643,24.15071575803294,23.746744645492292,24.05824089050293,123200.0
2002-06-21,24.019307185671185,24.23346228454366,23.96090209355342,24.126384735107422,211500.0
2002-06-24,24.189656534179832,24.252929796524104,23.848956780271664,23.965768814086914,160200.0
2002-06-25,24.369731768993763,24.452473985227385,24.12150883362023,24.140975952148438,162000.0
2002-06-26,24.179908710840895,24.335656765607723,24.150705254323388,24.2091121673584,458900.0
2002-06-27,24.63254862509901,24.715288955314826,24.4281281714348,24.65201759338379,164400.0
2002-06-28,24.919719201933457,25.236081705901825,24.919719201933457,25.13874053955078,298800.0
2002-07-01,25.455106799612153,25.523246368777887,25.18254852294922,25.18254852294922,170200.0
2002-07-02,24.968393536613444,25.114407164742317,24.76397482856583,24.88078498840332,355800.0
2002-07-03,24.6033568451558,24.652029288959255,24.131246208577572,24.277259826660156,224500.0
2002-07-05,23.52285188094299,23.87328415270956,23.503382905660494,23.824613571166992,215100.0
2002-07-08,23.289232343312392,23.610463070231734,23.123749735101576,23.517988204956055,589400.0
2002-07-09,23.021536102789327,23.459578765681226,22.89499147610038,23.20648765563965,335000.0
2002-07-10,23.162685011893398,23.187020304500148,22.705175198229558,22.778181076049805,193300.0
2002-07-11,22.778172038971487,22.875515027442155,22.203850449323937,22.51534652709961,340500.0
2002-07-12,22.778186224687,22.81225601337013,22.437486481191463,22.510494232177734,205900.0
2002-07-15,22.267138076715717,22.267138076715717,20.870271136905778,21.561403274536133,722200.0
2002-07-16,21.780421447016593,21.824225720841397,21.254770161118923,21.571134567260742,452700.0
2002-07-17,22.223330530878194,22.31093907864316,21.950770398202298,22.07244873046875,266900.0
2002-07-18,22.34014423560351,22.481289700637934,21.90696778039093,21.916702270507812,331500.0
2002-07-19,21.950764117029582,22.12598116242146,20.879996584814265,20.884862899780273,617700.0
2002-07-22,21.62467537033526,21.8144932892605,20.587975363131036,21.026018142700195,525900.0
2002-07-23,20.95300518179568,21.133088565638495,20.52469699905521,20.806991577148438,439200.0
2002-07-24,20.320285743239236,21.56140462089462,20.120733310805736,21.53706932067871,497200.0
2002-07-25,21.902095025163174,22.977730801910813,21.824220983784695,22.82685089111328,445200.0
2002-07-26,23.16754898980244,23.4936478191489,22.948529521780177,23.240556716918945,898100.0
2002-07-29,23.33790508747884,23.727275389199562,23.284366322867733,23.659135818481445,221100.0
2002-07-30,23.47905272025227,23.659136139114114,23.410911291946633,23.52772331237793,294300.0
2002-07-31,23.060475762251688,23.571524335716415,22.919328465232113,23.55205535888672,405700.0
2002-08-01,22.924194942870116,22.94853209241088,22.38881107292229,22.67597198486328,359700.0
2002-08-02,22.924195167336514,23.148084691322506,22.875524581106085,23.118881225585938,451100.0
2002-08-05,23.167551811816367,23.542321267115,23.094545932470723,23.118881225585938,267100.0
2002-08-06,23.25515851371165,23.53745309018753,23.13348020109212,23.36223602294922,354200.0
2002-08-07,23.118875641757587,23.13834461421302,22.632162470352164,23.060470581054688,314200.0
2002-08-08,22.997196956090125,22.997196956090125,22.38880550222531,22.94852638244629,456300.0
2002-08-09,22.997201085090637,23.454710872141124,22.924193354853436,23.36223602294922,226500.0
2002-08-12,23.3378976781978,23.46931046143232,23.24055466950592,23.298959732055664,196400.0
2002-08-13,22.65650322974145,23.41090845629622,22.651636913783946,23.118881225585938,318100.0
2002-08-14,23.196754081101712,23.678601029251023,23.109145545074565,23.629928588867188,205200.0
2002-08-15,23.77594545282927,24.092309860327457,23.702939567250926,23.863554000854492,421300.0
2002-08-16,22.778179690348093,23.09454404498136,22.719774620312183,22.83171844482422,419800.0
2002-08-19,22.972866134217405,23.28922863771652,22.899858402898676,23.216222763061523,242700.0
2002-08-20,22.51048958583452,22.598098126269253,22.291468234747683,22.31580352783203,399700.0
2002-08-21,22.63217201262351,22.70031158828342,22.203863721335846,22.48615837097168,319500.0
2002-08-22,22.486150062555318,22.491016377591176,21.999436865775607,22.21845817565918,252000.0
2002-08-23,22.500745728661087,22.60782320164513,22.452075162757293,22.51534652709961,268500.0
2002-08-26,22.63216756412164,22.860923400300024,22.43261519319916,22.748979568481445,132800.0
2002-08-27,22.89986812349834,23.07995158541947,22.812259551393026,22.87066650390625,123000.0
2002-08-28,23.342771408165806,23.41577915204212,22.812253791768217,22.88526153564453,292800.0
2002-08-29,22.875522741796047,23.23569136359891,22.875522741796047,23.089675903320312,202900.0
2002-08-30,23.13348113073609,23.824614939654094,23.084810546397883,23.513118743896484,379400.0
2002-09-03,23.45957904437758,23.60559264818827,23.36223602294922,23.36223602294922,349800.0
2002-09-04,23.167556213226494,23.50825595155775,23.16268989634448,23.386577606201172,215000.0
2002-09-05,23.118888053419393,23.45471965358567,23.055614787301895,23.425518035888672,147600.0
2002-09-06,24.14097888804293,24.272391701574275,23.868420628864335,23.975496292114258,203200.0
2002-09-09,24.067979642989656,24.175055335761492,24.009574550871893,24.126384735107422,210800.0
2002-09-10,24.199384638990495,24.408671495876153,23.970628805495984,24.213985443115234,476300.0
2002-09-11,24.627696659673145,24.919725806110485,24.613095852183758,24.759109497070312,278000.0
2002-09-12,24.676360558863234,24.739633797158604,24.335660934448242,24.335660934448242,260600.0
2002-09-13,24.55956027134856,24.652037015226583,24.433015591126615,24.5206241607666,159600.0
2002-09-16,24.238320456008534,24.77370616659466,24.238320456008534,24.617958068847656,144300.0
2002-09-17,24.457343385023783,24.6276922977763,24.31619608207804,24.4768123626709,168800.0
2002-09-18,24.73508473821371,24.874158794347643,24.382436389066427,24.695350646972656,363100.0
2002-09-19,24.93376205331675,25.301310467156892,24.82448998150235,25.033100128173828,349400.0
2002-09-20,25.430455659115726,25.529793753997215,25.033105174306346,25.206945419311523,593600.0
2002-09-23,25.261573553956797,25.430447693946633,24.849321252472567,25.0678653717041,492000.0
2002-09-24,24.461907117926422,24.591045286295195,24.29799901356083,24.466873168945312,249100.0
2002-09-25,24.68541681001779,25.08276719857678,24.561244695173354,24.99833106994629,235600.0
2002-09-26,24.998337254193096,25.067873352553683,24.163900284432877,24.86423110961914,380800.0
2002-09-27,24.849331439835797,25.10760975362986,24.59602107336058,24.66059112548828,146100.0
2002-09-30,24.610908602425667,24.913888814331653,24.38739845473143,24.789716720581055,234000.0
2002-10-01,24.834430190328128,25.201980590820312,24.501649735241728,25.201980590820312,305700.0
2002-10-02,25.14237697120952,25.9221779393026,25.13741091877231,25.534761428833008,174800.0
2002-10-03,26.006603240966797,26.324483493201885,25.927133177908026,26.006603240966797,403600.0
2002-10-04,25.85263811181377,25.95197619869464,25.306281476043605,25.370851516723633,561900.0
2002-10-07,25.33111756423424,25.430455659115726,25.09767332547023,25.206945419311523,404600.0
2002-10-08,24.238397770127904,24.31290180101358,23.791379268962466,24.253299713134766,638200.0
2002-10-09,23.140721422351415,23.225157572962907,22.872509129732677,23.120853424072266,496800.0
2002-10-10,23.20031799421801,23.74170850266252,23.046345781035136,23.602636337280273,482700.0
2002-10-11,24.337735092958496,24.675483405009498,24.2681990101332,24.591045379638672,425800.0
2002-10-14,24.387402661647393,24.63574689198888,24.337734573465543,24.60097885131836,328000.0
2002-10-15,25.132431135203596,25.132431135203596,24.8493189117006,24.913888931274414,202300.0
2002-10-16,24.288070156558792,24.288070156558792,24.034757942279924,24.064559936523438,1019400.0
2002-10-17,23.761571263529788,24.089385505966685,23.582763150434076,23.990047454833984,225100.0
2002-10-18,22.773172965902518,23.54304185947033,22.72847091333869,23.42383575439453,556200.0
2002-10-21,23.54303096381431,23.935413360595703,23.443692904677345,23.935413360595703,466200.0
2002-10-22,23.592694357503774,23.761568456061894,23.47845627534909,23.62746238708496,335700.0
2002-10-23,23.38409265220582,23.4933628205407,23.026476369287206,23.41389274597168,329000.0
2002-10-24,22.798002805004558,23.071181099828515,22.634094691280428,22.73343276977539,403800.0
2002-10-25,22.78309590327497,23.031440098105964,22.693691841558547,22.91720199584961,186600.0
2002-10-28,22.524825080949924,22.763237253320067,22.430454938144234,22.435420989990234,419900.0
2002-10-29,23.021511437367007,23.021511437367007,20.637406993500836,21.074493408203125,1191700.0
2002-10-30,21.75495406984118,22.216874487111838,21.70528598195414,22.04800033569336,547900.0
2002-10-31,22.425489487625786,22.514893580982797,22.00330307016956,22.137409210205078,344900.0
2002-11-01,22.316217890344518,22.892376563208646,22.28641589366107,22.773170471191406,274900.0
2002-11-04,22.94204531749043,23.24999360785536,22.71356902054866,22.832775115966797,458300.0
2002-11-05,22.897343180223316,23.304627671362912,22.897343180223316,23.120853424072266,209700.0
2002-11-06,22.241711480180538,22.549659729003906,22.06290330853248,22.549659729003906,420200.0
2002-11-07,22.25164742219266,22.375819563940073,22.057939184221343,22.261581420898438,248600.0
2002-11-08,22.018207914858873,22.50992859835484,21.92880380972929,22.350988388061523,187200.0
2002-11-11,22.82283989797209,22.82283989797209,22.31124938857249,22.42548942565918,163100.0
2002-11-12,22.807940581934467,22.862576633435264,22.22681580444431,22.251649856567383,280600.0
2002-11-13,22.177149511018914,22.35595583773507,22.003307342529297,22.003307342529297,164600.0
2002-11-14,22.251645478018357,22.56455977840246,22.077805252647387,22.549659729003906,163600.0
2002-11-15,22.241713837153732,22.648998318082874,22.172177739636542,22.594364166259766,168200.0
2002-11-18,22.5943621668569,22.5943621668569,21.357606887817383,21.357606887817383,850700.0
2002-11-19,21.690378121048216,22.087730294581373,21.690378121048216,21.90892219543457,243400.0
2002-11-20,21.98838909376669,22.157263174854066,21.804614971461852,22.023157119750977,291000.0
2002-11-21,22.29138013890358,22.539724385877545,22.231776155434137,22.485088348388672,302200.0
2002-11-22,22.276478669516287,22.321180710711097,21.95363227841268,22.29634666442871,279100.0
2002-11-25,21.332765340759128,21.50660550805644,21.26819532374196,21.48177146911621,425900.0
2002-11-26,21.024828659804804,21.506615297639687,20.9999927148438,21.208602905273438,431800.0
2002-11-27,21.168860733876627,21.293032843592705,20.86588048301483,21.1092586517334,303100.0
2002-11-29,20.96025584965482,20.96025584965482,20.77151368219419,20.77648162841797,132500.0
2002-12-02,20.478466964517782,20.488400962047155,20.240056707961735,20.389062881469727,510500.0
2002-12-03,20.687075342168907,21.129127773228284,20.662239403125554,20.980121612548828,241100.0
2002-12-04,21.109264636861866,21.68045726139299,21.089396638942254,21.605953216552734,279200.0
2002-12-05,21.605955178397043,21.779795439187104,21.496683074633722,21.730127334594727,375700.0
2002-12-06,20.935418585333988,21.243364888811538,20.935418585333988,21.178794860839844,231600.0
2002-12-09,21.178791141112445,21.198659130032084,20.841042908341436,20.960248947143555,265700.0
2002-12-10,20.960256380613313,21.109262560923614,20.612574030078353,20.76654815673828,226800.0
2002-12-11,20.562906362331773,21.019858910744453,20.548004417689505,20.86588478088379,184800.0
2002-12-12,20.736747442088948,20.92052167931858,20.538071259607484,20.885753631591797,258800.0
2002-12-13,21.60098540920692,21.953633817400426,21.49667937596281,21.85429573059082,483100.0
2002-12-16,21.680451579750276,22.1076020547822,21.680451579750276,22.072834014892578,423900.0
2002-12-17,21.531447116227017,21.645687146000643,21.218534705089674,21.357606887817383,249300.0
2002-12-18,21.15892421854446,21.35263427819982,21.124156183540734,21.283096313476562,409000.0
2002-12-19,21.258271615686738,21.302973665295887,20.771517017007465,20.91058921813965,185300.0
2002-12-20,20.865882937468303,21.38243942938157,20.865882937468303,21.278135299682617,199800.0
2002-12-23,21.2582615668544,21.476805659289084,21.2582615668544,21.332765579223633,185700.0
2002-12-24,21.05959518179218,21.302971509140445,21.05959518179218,21.183767318725586,70900.0
2002-12-26,21.183764096172037,21.307936214215914,20.960253904749827,21.064558029174805,181200.0
2002-12-27,21.233436380113872,21.317872527600098,20.766549806134467,20.860919952392578,176900.0
2002-12-30,21.307937622070312,21.51157983332864,21.283101681047654,21.307937622070312,160100.0
2002-12-31,21.456939195813927,21.83938949005461,21.42217115949349,21.75495147705078,155700.0
2003-01-02,21.90396660445819,22.261583004438453,21.89403449976243,22.052974700927734,240500.0
2003-01-03,21.968532968723675,22.04303700446265,21.749990702454397,21.889062881469727,141600.0
2003-01-06,21.869193575886626,22.291379928588867,21.869193575886626,22.291379928588867,148500.0
2003-01-07,21.730123595757917,21.988401863576325,21.730123595757917,21.85429573059082,155800.0
2003-01-08,21.844368639542456,21.889070698005572,21.66556040568998,21.72516441345215,178900.0
2003-01-09,21.665555246097348,21.894033432006836,21.610919199351958,21.894033432006836,140800.0
2003-01-10,21.73012056237644,21.938728810311503,21.69535252105393,21.749988555908203,186800.0
2003-01-13,21.47681292899963,21.506613028261803,21.08442853450576,21.412242889404297,326700.0
2003-01-14,21.432113647460938,21.576151900129293,21.34767560099792,21.432113647460938,309400.0
2003-01-15,20.90065243847497,20.90065243847497,20.60263820950155,20.65727424621582,480900.0
2003-01-16,20.811248323958733,20.900652403027507,20.6423741629084,20.711910247802734,231500.0
2003-01-17,21.208597178020874,21.268199261455628,20.91555091695224,20.920516967773438,195500.0
2003-01-21,20.746676266035585,20.761576312854544,20.274821871369706,20.29965591430664,244400.0
2003-01-22,20.364231378772676,20.617541715906526,20.34933132797555,20.448667526245117,179300.0
2003-01-23,20.786410992940873,20.900651004441333,20.175484423329085,20.413894653320312,181200.0
2003-01-24,20.662242248850323,20.677144193271943,20.3046277929101,20.36919593811035,227100.0
2003-01-27,19.74336392097114,20.00660816694167,19.693695838804736,19.877470016479492,1105400.0
2003-01-28,19.966872123498735,20.061242228253462,19.743361986221018,19.986740112304688,275100.0
2003-01-29,19.917207033116462,20.115883180439365,19.842704898907495,19.912240982055664,504400.0
2003-01-30,20.215223885013597,20.36423006754012,19.91720962524414,19.91720962524414,340800.0
2003-01-31,20.40396527418034,20.69700968152293,20.31952724068048,20.488401412963867,170100.0
2003-02-03,20.885752777262535,21.25826918314017,20.786414690085216,20.86588478088379,446100.0
2003-02-04,20.3542960180265,20.562906188810135,20.304627922215175,20.43873405456543,261700.0
2003-02-05,20.210254558065785,20.61753898001845,20.1655525168897,20.374162673950195,254900.0
2003-02-06,19.89734374298984,19.9817798859561,19.644031524658203,19.644031524658203,752800.0
2003-02-07,19.69369968915057,19.73343378370899,19.395685453739265,19.534759521484375,264200.0
2003-02-10,19.594365797526734,19.668867951261696,19.37582159925087,19.50992774963379,218200.0
2003-02-11,19.519857040560826,19.768201282539252,19.40065286545226,19.54469108581543,161900.0
2003-02-12,18.725156505467517,18.993368745566073,18.725156505467517,18.874162673950195,525200.0
2003-02-13,18.65065359306418,19.102640071590486,18.65065359306418,18.97846794128418,341800.0
2003-02-14,19.355950385017763,19.51985659573595,19.14734024125734,19.445354461669922,216500.0
2003-02-18,19.221842890623055,19.370849042778147,19.048000800845433,19.1473388671875,160100.0
2003-02-19,19.197017625007145,19.197017625007145,18.889069289074516,19.072845458984375,135400.0
2003-02-20,19.917209802919135,19.961911847547505,19.668865531587393,19.698667526245117,257500.0
2003-02-21,19.94204822273423,20.05131842728497,19.812908124560636,19.867544174194336,216000.0
2003-02-24,19.867542012689018,20.06621819070249,19.84270796411645,19.961912155151367,273500.0
2003-02-25,19.485088827168546,19.867539183823084,19.405618746221904,19.81787109375,164100.0
2003-02-26,19.66886581640242,19.887409990957494,19.658933712755783,19.783105850219727,121000.0
2003-02-27,20.016551284744228,20.140723441466857,19.76324091870544,19.83277702331543,154600.0
2003-02-28,19.89238047358425,19.89238047358425,19.370857759015664,19.539731979370117,378600.0
2003-03-03,20.05131178598789,20.20528588443735,19.837735605277622,19.84766960144043,286500.0
2003-03-04,19.956946200669616,20.06125034201306,19.842708060905398,19.852642059326172,175500.0
2003-03-05,20.02048072345107,20.17215258067649,20.015425894884515,20.13170623779297,303800.0
2003-03-06,20.146881977919964,20.217663110730175,20.00026873857049,20.055879592895508,136900.0
2003-03-07,19.919374675585313,20.146878672229033,19.919374675585313,20.101377487182617,145000.0
2003-03-10,19.959823157239484,20.0204907734312,19.69692758229038,19.80815315246582,160500.0
2003-03-11,20.035648333237866,20.344044936383494,20.035648333237866,20.24798583984375,206000.0
2003-03-12,20.02048901484312,20.116548154680032,19.7980398226208,19.990156173706055,505300.0
2003-03-13,20.50077832921241,20.945678629245272,20.455277140247816,20.920400619506836,487100.0
2003-03-14,20.78895657540881,20.804124927546347,20.56650733947754,20.56650733947754,369400.0
2003-03-17,20.652448672044624,21.48158167730521,20.566503051735513,21.284408569335938,609800.0
2003-03-18,21.37541270530034,21.441137080024156,21.15296349746651,21.233854293823242,248100.0
2003-03-19,21.158014339126755,21.228795460108202,20.981066358144012,21.05184555053711,437500.0
2003-03-20,21.107462303979055,21.385524295918522,21.041737929255238,21.233854293823242,354900.0
2003-03-21,21.021518197854054,21.587753813327463,21.021518197854054,21.370359420776367,173500.0
2003-03-24,21.23384943836768,21.30968538636859,20.879951562010568,20.905229568481445,126100.0
2003-03-25,21.132738113403317,21.329909288433395,20.98106812711776,21.13273811340332,147700.0
2003-03-26,21.537194983898683,21.698976581764327,21.380470145797528,21.59280776977539,187300.0
2003-03-27,21.309684770480448,21.68886064234958,21.309684770480448,21.547300338745117,137800.0
2003-03-28,21.08218429172796,21.385524295918522,21.016459917004145,21.233854293823242,179200.0
2003-03-31,20.82939249903489,20.97095085741413,20.692888969774337,20.7889461517334,216500.0
2003-04-01,20.778835537824357,21.137790136874273,20.72827952991832,20.854671478271484,138000.0
2003-04-02,21.13778954501254,21.511908621653173,21.13778954501254,21.365293502807617,117400.0
2003-04-03,21.41079506205161,21.436074994335854,21.15801116791363,21.254070281982422,113100.0
2003-04-04,21.52202392443922,21.582691528419616,21.390577127716973,21.44618797302246,67000.0
2003-04-07,22.042755838284638,22.320819677837406,22.02758942106836,22.03264617919922,195400.0
2003-04-08,22.057928217400924,22.118595825947313,21.86075704318378,21.97703742980957,189000.0
2003-04-09,21.78997417034912,21.84053211390998,21.63830419684323,21.658527374267578,358300.0
2003-04-10,22.00737052719683,22.0427601266452,21.653474532713147,21.683807373046875,410800.0
2003-04-11,21.704027210955314,21.73436197520748,21.537188900450747,21.597858428955078,353200.0
2003-04-14,21.58774489897414,22.047811508178707,21.552355308157487,22.04781150817871,234800.0
2003-04-15,22.04781224058655,22.11353659510995,21.951753123532015,22.037700653076172,108800.0
2003-04-16,21.734359942089977,21.845583543433833,21.5776332343303,21.678747177124023,127500.0
2003-04-17,21.769757788879517,21.820313815155544,21.592807839735872,21.749534606933594,113700.0
2003-04-21,21.739418260013647,21.906256581685003,21.734363429927406,21.81525421142578,62300.0
2003-04-22,21.72424959044559,22.057924270629883,21.668636822316852,22.057924270629883,293200.0
2003-04-23,22.133768285488248,22.224770687433537,22.017487867133493,22.209604263305664,169500.0
2003-04-24,22.042758334377123,22.108482697403783,21.886033529159874,21.97197914123535,263500.0
2003-04-25,21.84053156949886,22.027591134540412,21.76975237886629,21.850643157958984,83000.0
2003-04-28,22.199489309709623,22.46743971453873,22.18937771895907,22.361270904541016,172600.0
2003-04-29,22.39665919634723,22.59888714233857,22.305656813509987,22.432048797607422,174700.0
2003-04-30,22.52304986981389,22.649441846556492,22.406769482641316,22.502826690673828,218300.0
2003-05-01,22.31576384459471,22.54832458496094,22.25003948628661,22.548324584960938,174900.0
2003-05-02,21.891091665732205,22.462383984446923,21.825367292778456,22.320825576782227,333700.0
2003-05-05,22.396662045634816,22.548332060129365,22.35116084842757,22.49777603149414,84500.0
2003-05-06,22.062986508568624,22.219713277867797,21.921428090226666,22.113544464111328,297800.0
2003-05-07,21.80515329566537,21.825374554496427,21.46136682387651,21.668649673461914,355200.0
2003-05-08,21.158012155657975,21.380463227180698,21.132734150781705,21.319793701171875,561800.0
2003-05-09,21.20856931783454,21.54224398431908,21.163068139287194,21.43607521057129,200600.0
2003-05-12,21.48663535439795,21.951756888111873,21.41079939935881,21.90625762939453,316600.0
2003-05-13,21.53718842663725,21.941644226748597,21.501798833415734,21.92142105102539,377000.0
2003-05-14,22.174211359947908,22.335992955237636,22.174211359947908,22.255102157592773,245600.0
2003-05-15,21.76468830568146,21.90119181113469,21.557405633383073,21.71413230895996,304300.0
2003-05-16,21.73941830128481,22.017480242676594,21.73941830128481,21.946701049804688,248100.0
2003-05-19,21.78997548185122,21.84053342845508,21.420911150291133,21.587749481201172,277200.0
2003-05-20,22.01747885750605,22.184317168997953,21.875920480668004,21.99220085144043,312000.0
2003-05-21,22.017481253906563,22.189374413885286,21.830421674355392,21.90625762939453,192200.0
2003-05-22,21.835481851707698,21.911317825317383,21.688868593231994,21.911317825317383,155100.0
2003-05-23,21.243966560987996,21.789978971637346,21.243966560987996,21.59280776977539,478900.0
2003-05-27,21.506858871065898,21.840533607025677,21.491690522666488,21.76975440979004,356700.0
2003-05-28,21.896150086804933,22.07309810981364,21.875926904578563,21.98209571838379,196900.0
2003-05-29,21.840536725172626,22.27532548865264,21.77986910867899,22.042762756347656,125500.0
2003-05-30,22.14387673622955,22.189377930746968,21.94165070505452,22.042762756347656,244600.0
2003-06-02,21.865808892524107,22.14387081642237,21.75964010989557,21.99220085144043,522400.0
2003-06-03,22.108486036875824,22.239934782784392,22.068041604080722,22.189376831054688,238400.0
2003-06-04,22.426990468760604,22.57360561030652,22.381489284439056,22.533159255981445,202200.0
2003-06-05,22.57866412598115,22.80111332531608,22.553386114695826,22.745502471923828,247600.0
2003-06-06,22.96288604125014,23.155002324263325,22.88199527923215,23.07916831970215,218000.0
2003-06-09,22.624160936682145,22.801108910003013,22.57865975374417,22.67471694946289,209900.0
2003-06-10,22.775838115555626,22.841562495852756,22.654502875025873,22.78594970703125,132400.0
2003-06-11,23.00334147791441,23.321849822998047,22.95278545489292,23.321849822998047,261200.0
2003-06-12,23.053893791005464,23.104451734479614,22.897168987706465,22.978059768676758,168200.0
2003-06-13,22.978063444726516,23.134788273098483,22.887061060502756,22.927505493164062,135100.0
2003-06-16,23.12972292951231,23.347117200951033,23.104444929514553,23.337005615234375,165500.0
2003-06-17,23.205562098217957,23.39767646789551,23.07917015199365,23.397676467895508,278400.0
2003-06-18,23.0791804323462,23.397686890123058,23.0791804323462,23.306684494018555,211000.0
2003-06-19,23.711131608399107,23.721241267675175,23.30162097854359,23.453290939331055,256000.0
2003-06-20,23.837530219737115,23.89819783527408,23.630247432112824,23.731359481811523,180400.0
2003-06-23,22.92750294503019,22.942671293107463,22.3713790397707,22.725276947021484,500200.0
2003-06-24,22.791001608611918,22.851669215944032,22.573607259701006,22.694942474365234,309300.0
2003-06-25,22.851675185212503,23.13479204577656,22.80111722540537,22.902231216430664,197000.0
2003-06-26,22.649442812932165,22.811224395778293,22.411827197958004,22.700000762939453,261500.0
2003-06-27,22.244989613482616,22.447217563222466,22.07815126565894,22.320825576782227,536800.0
2003-06-30,22.24498290142084,22.24498290142084,21.810194290682617,22.123645782470703,880300.0
2003-07-01,21.78997155197758,22.189370579467408,21.744470372534586,22.143869400024414,393900.0
2003-07-02,22.12871018098498,22.477551384458458,22.093320577527766,22.38654899597168,331300.0
2003-07-03,22.396660596084867,22.791004922554695,22.366327752302475,22.649444580078125,212800.0
2003-07-07,21.992199473573528,22.184315779094476,21.891085527057864,22.037700653076172,708800.0
2003-07-08,21.587746193471677,21.587746193471677,21.309684279557818,21.3956298828125,736100.0
2003-07-09,21.597861247108426,21.8152555978113,21.501802112069935,21.76975440979004,548500.0
2003-07-10,21.183294547128423,21.405743715874912,21.036679401810147,21.25912857055664,827200.0
2003-07-11,21.46136108780854,21.57258473171469,21.31980074229077,21.511917114257812,402500.0
2003-07-14,21.07206816332651,21.233849721200976,21.01140056127066,21.112512588500977,1599700.0
2003-07-15,20.57660693194389,20.768723208743715,20.55132893124103,20.62716293334961,1482500.0
2003-07-16,20.485604599677107,20.596830117146396,20.313711494764497,20.520994186401367,845700.0
2003-07-17,20.546273042288863,20.79400208825738,20.51594021159862,20.773778915405273,542000.0
2003-07-18,20.90523542504356,21.00129457656727,20.733342232862455,20.955793380737305,226400.0
2003-07-21,20.778835224973893,21.132733060752,20.778835224973893,20.991174697875977,402600.0
2003-07-22,21.006348265690498,21.38046940312734,21.006348265690498,21.340023040771484,591700.0
2003-07-23,21.309684042091884,21.40068640251697,21.198458506330525,21.319793701171875,319700.0
2003-07-24,21.158013236397597,21.37540756089656,21.122623642045507,21.304628372192383,420500.0
2003-07-25,21.021514485374446,21.14284970296749,20.885010919140893,21.13273811340332,484500.0
2003-07-28,21.127683118933355,21.208573906230388,20.97095637478789,21.082181930541992,316500.0
2003-07-29,21.132737001888735,21.24901738287797,21.041734629186134,21.147905349731445,339900.0
2003-07-30,21.05690606421191,21.223742486234535,21.021516461704422,21.158018112182617,195200.0
2003-07-31,21.031627421394706,21.08218537708845,20.84962456666366,20.955793380737305,592500.0
2003-08-01,20.930516913854525,20.95579492927492,20.819291331698036,20.829402923583984,196700.0
2003-08-04,20.930516764705505,21.132742815216584,20.915348412690193,21.04174041748047,286800.0
2003-08-05,21.04678884576165,21.07712168060635,20.945674896240234,20.945674896240234,188700.0
2003-08-06,21.1327399411237,21.178241133803507,21.06196073664148,21.10746192932129,225100.0
2003-08-07,21.269243102537608,21.425969858384445,21.24396509123035,21.350133895874023,234600.0
2003-08-08,21.52707552833857,21.749524642058933,21.52707552833857,21.623132705688477,218100.0
2003-08-11,21.92647417344764,21.982086938062302,21.774804224509133,21.865806579589844,498100.0
2003-08-12,21.764696037125375,21.800085633119355,21.63830407183593,21.739418029785156,429400.0
2003-08-13,21.714140505073253,21.78997452877944,21.562470529072495,21.653472900390625,338300.0
2003-08-14,21.663585444986815,21.815257369769668,21.63830743371922,21.71919822692871,315100.0
2003-08-15,21.48663895778646,21.61303095165579,21.31980060015633,21.59280776977539,220400.0
2003-08-18,21.613025665283203,21.704028032897778,21.511911709201645,21.613025665283203,428500.0
2003-08-19,21.58774765840989,21.734362798298733,21.58774765840989,21.613025665283203,343500.0
2003-08-20,21.926480134247313,22.14893125318017,21.86581252389679,21.941648483276367,259400.0
2003-08-21,22.09331742246785,22.2197093963623,22.057927824064482,22.219709396362305,424300.0
2003-08-22,22.234878463462397,22.2399352230298,22.057930450377356,22.07815170288086,394000.0
2003-08-25,22.194429815708702,22.244985830251213,22.01747990763325,22.08320426940918,129700.0
2003-08-26,21.587751059996133,21.891091047449848,21.506860268102567,21.855701446533203,442800.0
2003-08-27,21.92142166302141,22.13375922827848,21.815252880392872,21.99220085144043,401400.0
2003-08-28,21.88603791969004,22.148933495947464,21.88098115997213,22.042762756347656,279900.0
2003-08-29,22.093321281894248,22.143877308848143,22.027596903983135,22.113544464111328,181100.0
2003-09-02,21.638306132918643,21.860757247313426,21.587750113422658,21.789976119995117,767700.0
2003-09-03,21.875919081409066,22.21970534195878,21.86075266445744,22.143869400024414,297900.0
2003-09-04,21.63830407183593,21.74952961843891,21.60291447584195,21.739418029785156,767600.0
2003-09-05,21.304623086580367,21.461349771676375,21.23384391543629,21.431015014648438,694500.0
2003-09-08,21.431027395132293,21.774813792366338,21.400694549169156,21.759647369384766,361700.0
2003-09-09,21.57763794013237,21.633250717226744,21.410799608849246,21.48158073425293,458600.0
2003-09-10,21.461361814336772,21.511917842497507,21.350136238076534,21.370359420776367,525000.0
2003-09-11,21.511904464898663,21.865802227712113,21.471460053238992,21.71413230895996,274800.0
2003-09-12,21.865808658210327,21.966922609977498,21.74952828868396,21.916364669799805,212900.0
2003-09-15,22.017482379618954,22.14387435875407,21.926480000354587,22.022539138793945,244100.0
2003-09-16,21.966928930988402,22.15398854200196,21.94670574909808,22.11859893798828,249200.0
2003-09-17,22.295512785457525,22.580027878419067,22.248955949639505,22.507604598999023,540700.0
2003-09-18,22.786936679268013,23.004202485674167,22.71451540157657,22.926607131958008,530700.0
2003-09-19,22.84901388810147,22.89557070996382,22.657614497481582,22.73003578186035,237300.0
2003-09-22,22.600713025389116,22.755903757653737,22.57484856112239,22.69382667541504,377300.0
2003-09-23,22.724870942465735,22.8283307989333,22.673142000898263,22.776599884033203,233700.0
2003-09-24,22.78176705208308,22.864534517485794,22.740382332715704,22.766246795654297,397200.0
2003-09-25,22.776587383211243,23.04558207305741,22.730030572019952,22.8334903717041,324700.0
2003-09-26,22.76108448746537,23.040425543411427,22.73522001339619,22.96800422668457,422700.0
2003-09-29,22.755902103180624,22.993858314465253,22.755902103180624,22.911090850830078,247500.0
2003-09-30,22.942130501396445,22.973169044432893,22.642099145373116,22.838672637939453,292200.0
2003-10-01,22.735216496837996,23.04559408432642,22.719696236130773,23.019729614257812,258100.0
2003-10-02,22.931781732053615,23.205948567674557,22.931781732053615,23.112834930419922,270200.0
2003-10-03,23.1490463855381,23.164564667849895,22.988683566099123,23.086971282958984,346600.0
2003-10-06,22.833495302654708,22.952473407319058,22.76107401923571,22.942127227783203,623900.0
2003-10-07,22.807637708320172,22.823155995630835,22.68865956782911,22.786945343017578,648100.0
2003-10-08,22.59554363034376,22.626582175183625,22.50760207329698,22.58519744873047,553600.0
2003-10-09,22.585193213102812,22.812803245912086,22.559328750586396,22.73003578186035,683900.0
2003-10-10,22.62140383279739,22.69899919360148,22.554154651655978,22.647268295288086,393100.0
2003-10-13,22.911090802795066,23.14387491044719,22.89039844359666,23.092144012451172,252800.0
2003-10-14,23.061115049448382,23.666351955537884,23.019730317408435,23.423221588134766,738500.0
2003-10-15,23.71807164767215,23.780148721523233,23.526672269960976,23.542190551757812,561700.0
2003-10-16,23.588746924858363,23.847395474356073,23.573228643354685,23.76980209350586,352300.0
2003-10-17,23.842234101121296,24.075018295093212,23.821541734249855,24.028461456298828,369300.0
2003-10-20,24.116387484029595,24.297442632267014,24.116387484029595,24.225021362304688,340100.0
2003-10-21,23.94052024034764,24.116401414709145,23.84740656137198,24.064672470092773,363800.0
2003-10-22,24.002597588705793,24.312975206261125,23.98707732649509,24.199169158935547,394200.0
2003-10-23,24.10605439977771,24.214688337058043,24.090536111594528,24.173303604125977,422200.0
2003-10-24,24.131914349261915,24.364696502685547,24.085357523910762,24.364696502685547,359200.0
2003-10-27,24.757848180658637,24.84578777121576,24.66990661676899,24.752674102783203,546700.0
2003-10-28,24.62333970609476,24.856123781915354,24.57161078850428,24.830259323120117,719300.0
2003-10-29,24.42677859460073,24.62852422138388,24.375047681750853,24.623350143432617,629800.0
2003-10-30,25.114779314485446,25.125125495552734,24.92337989807129,24.92337989807129,365900.0
2003-10-31,24.623347359429886,24.788882315168426,24.561272244361014,24.73198127746582,311500.0
2003-11-03,24.7785379036755,24.794056188982236,24.473332461538405,24.68025016784668,557700.0
2003-11-04,24.830266836919492,24.85095919955001,24.633693338594163,24.68025016784668,472200.0
2003-11-05,24.830270309612168,24.845788597089246,24.690599802320687,24.726810455322266,394400.0
2003-11-06,24.685431576839573,24.882003160215113,24.65439302367522,24.8768310546875,359100.0
2003-11-07,24.944074443349052,25.29583673709454,24.92855418372363,25.14064598083496,190400.0
2003-11-10,25.20789407085391,25.24410471950355,24.933727167268827,24.94924545288086,338700.0
2003-11-11,24.82509486637056,25.03201257379108,24.78371014088706,24.99580192565918,223000.0
2003-11-12,25.150982910186553,25.39928526619023,25.1458108077691,25.35790252685547,425400.0
2003-11-13,25.606209427426325,25.776918437475224,25.5441343207413,25.61138153076172,644800.0
2003-11-14,25.611390184986927,25.761406885721573,25.55448913574219,25.554489135742188,274600.0
2003-11-17,25.740705955315857,25.911414966256853,25.62172784465944,25.761398315429688,396300.0
2003-11-18,25.554484853474147,25.776922828093383,25.451025009155273,25.451025009155273,414400.0
2003-11-19,25.50275477055028,25.55448568105121,25.39929492288088,25.5079288482666,449600.0
2003-11-20,25.357912786967063,25.513101575594117,25.321702135398503,25.347566604614258,451700.0
2003-11-21,25.34756959450584,25.49758629631808,25.326877227359443,25.37343406677246,258800.0
2003-11-24,25.19237438954774,25.40963826940884,25.19237438954774,25.383773803710938,356700.0
2003-11-25,25.570009855484738,25.621738804564718,25.399300771521556,25.57518196105957,567600.0
2003-11-26,25.80796214725143,26.0976493475143,25.699330187152587,26.004535675048828,809400.0
2003-11-28,26.107988007504627,26.20627375641651,26.09246775101072,26.154544830322266,253400.0
2003-12-01,26.511484412039614,26.640808726244686,26.454581398056195,26.563213348388672,445900.0
2003-12-02,26.589075088500977,26.72874358661418,26.573554831674556,26.589075088500977,317500.0
2003-12-03,26.816691167982114,26.90980483657458,26.692538952081318,26.72357749938965,305000.0
2003-12-04,26.64080570673944,26.68219042979403,26.382157107644883,26.454578399658203,277900.0
2003-12-05,26.304565630929673,26.614945179770032,26.283875239672984,26.521831512451172,402100.0
2003-12-08,26.3821576777676,26.563210911713497,26.3821576777676,26.54252052307129,331000.0
2003-12-09,26.723578589641576,26.744270955357994,26.511486774379843,26.583908081054688,284900.0
2003-12-10,26.27870115248095,26.32008588164456,26.020052515205876,26.025226593017578,364100.0
2003-12-11,26.28905086097633,26.609774661683666,26.278704677297675,26.552873611450195,374300.0
2003-12-12,26.258002744634812,26.640803507966844,26.13385253238208,26.402847290039062,326300.0
2003-12-15,26.511479380554768,26.599418950325024,26.325252087709448,26.387327194213867,354600.0
2003-12-16,26.506306575683784,26.558035500846334,26.304559031553033,26.480440139770508,220400.0
2003-12-17,26.433878242412487,26.759775933692886,26.382149327182034,26.65114402770996,270600.0
2003-12-18,26.589079635877738,26.780479067259474,26.53217662222393,26.7442684173584,214700.0
2003-12-19,26.899451207135915,26.914969489827644,26.563207277713925,26.609764099121094,199100.0
2003-12-22,26.692536682359066,26.847727432372,26.54252198312285,26.68736457824707,312700.0
2003-12-23,26.656317852454116,26.87358365179149,26.630453393167507,26.847719192504883,223400.0
2003-12-24,26.925316598352165,27.02360432100943,26.909798315125038,26.997737884521484,68100.0
2003-12-26,26.997737629330324,27.07016088814713,26.93566252367652,27.028776168823242,36500.0
2003-12-29,27.23051737166899,27.33914928246061,27.064982467606033,27.271902084350586,283300.0
2003-12-30,27.427096935724645,27.468479684316822,27.27708027874718,27.30811882019043,198800.0
2003-12-31,27.31330081804054,27.442625160903734,27.261571870228405,27.34433937072754,118500.0
2004-01-02,27.784034371107662,28.032336810261224,27.727131358801817,27.830591201782227,184600.0
2004-01-05,27.701270602078502,27.804730458917746,27.56160009134542,27.597810745239258,322100.0
2004-01-06,27.50987435775691,27.50987435775691,27.313300804171462,27.427106857299805,248000.0
2004-01-07,27.365023026489673,27.41675195783193,27.261563190472916,27.401233673095703,169000.0
2004-01-08,27.43225963911008,27.520201156398358,27.3753566526291,27.458126068115234,333300.0
2004-01-09,27.20982981570924,27.452960112277587,27.158100889062897,27.313289642333984,250300.0
2004-01-12,27.271906895683326,27.437441828950096,27.251214535691965,27.313289642333984,183300.0
2004-01-13,27.251217469923112,27.308120479360266,26.821859833866238,26.92531967163086,343700.0
2004-01-14,26.656325225502105,26.925320017815732,26.640806940304184,26.795995712280273,290200.0
2004-01-15,26.58906906377046,26.718393325805664,26.454570726188134,26.718393325805664,380400.0
2004-01-16,26.382152241032294,26.573551616522554,26.27869242581286,26.511476516723633,505900.0
2004-01-20,26.770132057365533,26.847727432372,26.651153929466016,26.68736457824707,268600.0
2004-01-21,26.899458655792564,27.111550462414552,26.85807392604558,27.05464744567871,494600.0
2004-01-22,27.639183077333577,27.77885352540526,27.628836898958074,27.72195053100586,375600.0
2004-01-23,27.76334446958447,27.76334446958447,27.468485173611555,27.587465286254883,273900.0
2004-01-26,27.665057058178764,27.804727554321293,27.582289576020127,27.80472755432129,196600.0
2004-01-27,27.42710375761098,27.73748135591441,27.42710375761098,27.582292556762695,305900.0
2004-01-28,27.73748329474304,27.923710656075304,27.416759490966797,27.416759490966797,404000.0
2004-01-29,27.752999797939946,27.752999797939946,27.489177080676356,27.649539947509766,221300.0
2004-01-30,27.41675613637428,27.67023267458066,27.411584031784678,27.52021598815918,176300.0
2004-02-02,27.38053905465701,27.613323173176735,27.36502077119972,27.44778823852539,236300.0
2004-02-03,27.799554831085484,28.053029376219968,27.752998000074523,27.882322311401367,333600.0
2004-02-04,27.65988315271133,27.934050049508688,27.566769494679715,27.789207458496094,327200.0
2004-02-05,28.192700144297827,28.22891079395602,27.9961266366302,28.01681900024414,246400.0
2004-02-06,28.07372747947884,28.140976687651385,27.944403141710833,28.047863006591797,274200.0
2004-02-09,28.094405283672412,28.18751891646418,27.903003942193905,28.03750228881836,174600.0
2004-02-10,28.037505288729616,28.161655496847754,27.97543018467055,28.063369750976562,268700.0
2004-02-11,27.94439843521541,28.347889669627662,27.83059240568069,28.337543487548828,412600.0
2004-02-12,28.213400241295254,28.342724589331993,28.094422077901406,28.249610900878906,368900.0
2004-02-13,28.296157101251556,28.31167538571208,28.13062215589862,28.223735809326172,327300.0
2004-02-17,28.56514026115932,28.673772154858508,28.42546983783262,28.503063201904297,296400.0
2004-02-18,28.33754348426519,28.48756016439222,28.182354699765572,28.254776000976562,298300.0
2004-02-19,27.701259965179023,28.26511389644155,27.587455942354392,28.166828155517578,735300.0
2004-02-20,28.606541776628966,28.689309269981504,28.430660606588237,28.46687126159668,217100.0
2004-02-23,28.782408948649223,28.922079395754267,28.715159776339743,28.792755126953125,352100.0
2004-02-24,28.746205166679214,29.279020649740207,28.746205166679214,29.149696350097656,265100.0
2004-02-25,29.27902649672523,29.46008173638063,29.02037784578832,29.134183883666992,253800.0
2004-02-26,28.76690354469877,28.94278470793073,28.642751322809836,28.854843139648438,409200.0
2004-02-27,29.09796620413997,29.34626861228211,29.09796620413997,29.304885864257812,269300.0
2004-03-01,29.651471837249993,29.796314404643365,29.470418628008275,29.682510375976562,206400.0
2004-03-02,29.056581688143797,29.175561776218345,28.96347001109803,29.025545120239258,379000.0
2004-03-03,28.628264461810048,28.943150336094597,28.56003888875097,28.91166114807129,671700.0
2004-03-04,28.36061356852337,28.680746642055077,28.292387994988044,28.57578468322754,749300.0
2004-03-05,28.434088355961887,28.811950633749976,28.434088355961887,28.65450668334961,218000.0
2004-03-08,28.47607509225602,28.706991844004023,28.434091502291157,28.5180606842041,246400.0
2004-03-09,28.470823801867677,28.727980510628,28.449831008911133,28.449831008911133,267300.0
2004-03-10,28.864424812112567,28.979883151995445,28.70698289535211,28.73847007751465,266100.0
2004-03-11,28.701743154446238,28.94315630847451,28.685999558177333,28.82244873046875,268900.0
2004-03-12,28.250405000491682,28.6020252676003,28.003744692411797,28.549545288085938,448600.0
2004-03-15,28.365867963017696,28.455086351353028,27.867300033569336,27.867300033569336,293000.0
2004-03-16,28.381608084432727,28.44458446276096,28.203173344183597,28.339622497558594,195400.0
2004-03-17,28.460340668956494,28.596791884782384,28.224176643091575,28.5338134765625,116600.0
2004-03-18,28.61777563628819,28.696497626179987,28.47083005727243,28.507566452026367,180700.0
2004-03-19,28.234660901618017,28.27664648904125,28.09296254703909,28.16118812561035,416200.0
2004-03-22,27.91978131873392,27.925028516981257,27.720353751619044,27.8148193359375,214300.0
2004-03-23,27.946019674374345,28.07722164467657,27.851554095598086,27.88304328918457,179800.0
2004-03-24,27.68886503755787,27.84105981515944,27.610145050579483,27.63113784790039,215100.0
2004-03-25,27.242778368300932,27.47369312663313,27.179801980025477,27.342491149902344,317300.0
2004-03-26,27.646879050554492,27.93027578389328,27.636382652803075,27.736095428466797,222900.0
2004-03-29,27.657379001182722,27.90928657362739,27.641633401541323,27.8253173828125,248000.0
2004-03-30,27.709855133188274,27.9302754796003,27.662622344813066,27.909282684326172,181800.0
2004-03-31,27.830556744840706,27.90402951586734,27.7518367767334,27.7518367767334,198200.0
2004-04-01,27.88828353603237,28.045725460756362,27.841050758416905,28.019485473632812,317600.0
2004-04-02,28.07197124266421,28.287142369321376,28.040482052671834,28.182180404663086,236500.0
2004-04-05,27.594392563816044,27.919772809532777,27.594392563816044,27.851547241210938,284200.0
2004-04-06,28.213672802380696,28.260905595099402,28.019494433196375,28.20317840576172,300500.0
2004-04-07,28.811954566162118,28.859187357332218,28.51281422274591,28.727985382080078,402300.0
2004-04-08,28.785703824233465,28.827689404510615,28.57053273026973,28.612518310546875,141100.0
2004-04-12,28.612523098030373,28.790957840098862,28.57578671013242,28.65450668334961,123400.0
2004-04-13,28.4970670774397,28.523307070669066,28.34487231393294,28.392105102539062,232700.0
2004-04-14,28.10346019606772,28.192678572325793,27.946018240181623,28.02474021911621,362000.0
2004-04-15,27.98800460272194,28.024740993377538,27.856802635528194,27.99325180053711,144100.0
2004-04-16,29.147826218063376,29.48895009302472,29.147826218063376,29.431222915649414,741600.0
2004-04-19,29.389241187095376,29.66738872198148,29.34200839796536,29.593915939331055,683600.0
2004-04-20,29.29477505273356,29.4732098080616,29.13208389282227,29.132083892822266,318300.0
2004-04-21,29.100597640009315,29.2580396052012,28.98513926460977,29.09010124206543,261100.0
2004-04-22,29.137329355624,29.599160781120485,29.137329355624,29.536182403564453,396300.0
2004-04-23,28.911673462231363,29.126844667079993,28.7804714592265,29.116348266601562,214400.0
2004-04-26,29.494205911055413,29.504702309838134,29.310521935332822,29.47846031188965,216200.0
2004-04-27,29.231796264648434,29.425974599421266,29.21080347116408,29.231796264648438,209900.0
2004-04-28,28.96938927765673,28.985132870107716,28.581030647342782,28.71223258972168,446200.0
2004-04-29,28.817195787142882,28.985134120473802,28.57578468322754,28.57578468322754,239400.0
2004-04-30,28.706980291972286,28.90115857163445,28.544289191617146,28.602018356323242,199600.0
2004-05-03,28.680749097061778,28.843438245286574,28.633516311645508,28.633516311645508,138400.0
2004-05-04,29.063868178733436,29.36300858452565,29.042875377839742,29.27903938293457,288300.0
2004-05-05,29.22654942581227,29.383993387678142,29.116340254092666,29.294775009155273,116600.0
2004-05-06,29.00612916463363,29.079601940922384,28.623019686854423,28.969392776489258,350900.0
2004-05-07,29.07434737789263,29.158316529804953,28.864423497120573,28.874919891357422,190100.0
2004-05-10,28.46558735726005,28.623029359940674,28.376368954484693,28.397361755371094,208300.0
2004-05-11,28.407842555848966,28.428833343224742,28.155935089496424,28.413089752197266,375500.0
2004-05-12,28.759468159856336,28.84343733104783,28.60202621412016,28.754220962524414,171300.0
2004-05-13,28.313380520335286,28.51805523702964,28.29238772837104,28.344867706298828,217100.0
2004-05-14,28.20842708707497,28.386861868728364,28.145450694133608,28.224170684814453,230300.0
2004-05-17,28.234664658266194,28.43933941922914,28.234664658266194,28.245161056518555,100900.0
2004-05-18,27.762339828181048,27.835812616820885,27.63113784790039,27.63113784790039,397200.0
2004-05-19,27.46320005182869,27.56816003667759,27.358238064996407,27.44745445251465,315700.0
2004-05-20,27.326748292697253,27.70985783487878,27.326748292697253,27.63113784790039,157100.0
2004-05-21,27.730843666318382,27.77282724843074,27.51042335378427,27.604888916015625,238500.0
2004-05-24,27.59439617157103,27.678365342798276,27.499930603692512,27.615386962890625,552400.0
2004-05-25,27.84629368790071,28.045719146728516,27.7360825636217,28.045719146728516,329600.0
2004-05-26,27.76758259668889,27.914528150525975,27.720349811243683,27.90403175354004,241100.0
2004-05-27,28.339615527290437,28.560033798217773,28.297629950742863,28.560033798217773,217300.0
2004-05-28,28.313387517421237,28.455085895223586,28.056230757265126,28.287147521972656,180500.0
2004-06-01,27.846306237914717,27.993251800537106,27.788577052032164,27.99325180053711,170500.0
2004-06-02,28.061477384033136,28.12970096554602,27.940771814452866,27.99325180053711,160600.0
2004-06-03,28.050981778039468,28.512813276149966,28.050981778039468,28.36586570739746,154900.0
2004-06-04,28.602018356323242,28.65449832315656,28.423583666314588,28.602018356323242,309300.0
2004-06-07,28.497060976305754,28.864426808814482,28.476068185423486,28.733224868774414,300500.0
2004-06-08,28.575784452975793,28.83818834693887,28.539048067979586,28.83293914794922,467300.0
2004-06-09,28.696490956108686,28.73847453950472,28.523303419394942,28.628265380859375,359700.0
2004-06-10,28.465568735690493,28.66499420770033,28.38159958905941,28.623010635375977,206700.0
2004-06-14,27.86729615878695,28.07722010051864,27.825312571630462,27.951265335083008,411200.0
2004-06-15,28.26090393848016,28.54430067818004,28.20317675252637,28.5180606842041,275600.0
2004-06-16,28.78045888544554,28.78045888544554,28.455078620703006,28.596776962280273,224800.0
2004-06-17,28.743732452392578,28.78046884974441,28.560048463649906,28.743732452392578,191300.0
2004-06-18,28.87492476303552,28.995630314150603,28.838188377999746,28.91166114807129,264100.0
2004-06-21,29.042863095194143,29.042863095194143,28.890668356055752,28.91166114807129,159400.0
2004-06-22,28.717489690596278,28.890675261160116,28.63876770271424,28.780466079711914,229900.0
2004-06-23,28.838190506361556,29.17931439286744,28.78046132504963,29.063858032226562,257300.0
2004-06-24,29.021879004127733,29.053368201591706,28.869684219360348,28.86968421936035,299300.0
2004-06-25,28.995634532911083,29.174069287039092,28.94840174499534,29.058610916137695,122400.0
2004-06-28,29.399734608557313,29.457463789647797,29.216050668543684,29.231796264648438,227000.0
2004-06-29,29.13733229787556,29.158325092514062,28.948401150095197,29.084850311279297,120300.0
2004-06-30,28.654502903957287,28.843434017932218,28.59677573200515,28.733224868774414,161300.0
2004-07-01,28.502316277275465,28.549549065881592,28.182183154720956,28.392105102539062,291600.0
2004-07-02,28.44457626342773,28.523296213150743,28.33961432848132,28.444576263427734,137100.0
2004-07-06,28.376362105307155,28.497067678293828,28.287145726049562,28.36586570739746,177000.0
2004-07-07,28.28714435885352,28.591531875589933,28.2556551666464,28.423593521118164,197200.0
2004-07-08,27.909279614326366,28.18217991692173,27.68885929216041,28.040481567382812,432600.0
2004-07-09,27.657378064632326,27.99850201489873,27.65212886426847,27.867300033569336,235800.0
2004-07-12,27.541916449062033,27.746591195605003,27.489436463480853,27.678367614746094,229800.0
2004-07-13,27.38447806120863,27.526176443134705,27.342492465682362,27.44745445251465,292200.0
2004-07-14,27.51566824236011,27.86728844515206,27.510419044179095,27.625877380371094,154200.0
2004-07-15,27.47368993724887,28.07721976094082,27.39496996153887,27.72035026550293,249900.0
2004-07-16,27.83056413573536,27.89354252932566,27.573409368850186,27.762340545654297,189300.0
2004-07-19,27.510418238351072,27.6836057375661,27.478931058117404,27.578643798828125,220900.0
2004-07-20,26.954134964859495,27.169306130969073,26.849172980956048,27.074840545654297,489300.0
2004-07-21,26.502797431913084,26.57627021338722,26.340106271518103,26.366348266601562,617300.0
2004-07-22,26.382085967657773,26.560520683649607,26.31910959789086,26.539527893066406,293900.0
2004-07-23,26.817678149299415,26.828174545682213,26.46080868021587,26.50279426574707,231800.0
2004-07-26,26.513283855146167,26.586756608979563,26.256127214746897,26.303359985351562,293100.0
2004-07-27,26.476548305163465,26.539524667275813,26.292864412860645,26.51328468322754,209600.0
2004-07-28,26.240388533368957,26.292868509642588,25.967488252383987,26.256132125854492,276500.0
2004-07-29,26.16691576579277,26.36109408038452,26.16691576579277,26.256132125854492,225300.0
2004-07-30,26.214148069283873,26.43981556673221,26.198402475101446,26.355846405029297,164700.0
2004-08-02,26.397838190148,26.665491352633985,26.397838190148,26.57627296447754,193900.0
2004-08-03,26.413577899467636,26.639243414757644,26.403081503084834,26.50279426574707,216300.0
2004-08-04,26.39783436399099,26.80193664734185,26.387337966789055,26.73896026611328,170800.0
2004-08-05,26.686482148097248,26.786196934977003,26.57102576610756,26.57627296447754,249300.0
2004-08-06,26.534287598989184,26.581520389097086,26.350603636577013,26.40833282470703,204600.0
2004-08-09,25.925517691112205,26.07246330005815,25.79431568255796,25.941261291503906,518200.0
2004-08-10,25.66835287587775,26.046215183416653,25.621120087435386,25.878276824951172,361600.0
2004-08-11,25.731325948714627,25.799551523681735,25.600123997922513,25.7785587310791,304800.0
2004-08-12,25.705090618386215,25.83104539485031,25.61062503653396,25.7418270111084,160700.0
2004-08-13,25.85203440898182,25.993732772002186,25.778561628597135,25.899267196655273,142000.0
2004-08-16,25.636863727084233,25.757571299298434,25.537150952193322,25.715585708618164,186800.0
2004-08-17,25.584378003754015,25.846781880715593,25.584378003754015,25.799549102783203,291800.0
2004-08-18,25.621119751146157,25.89926727833195,25.610623353631944,25.894020080566406,223600.0
2004-08-19,25.726089734042098,25.84154814066296,25.663113331332422,25.794315338134766,196900.0
2004-08-20,25.537151226277818,25.873027947392252,25.411196454868318,25.783811569213867,335100.0
2004-08-23,26.07245282816059,26.24039117149955,26.00422725055946,26.14067840576172,302700.0
2004-08-24,25.778566959744694,25.778566959744694,25.568644972658753,25.67360496520996,300000.0
2004-08-25,25.41643719299955,25.663097453816384,25.300978857811664,25.495159149169922,322700.0
2004-08-26,25.531904459095845,25.841541191968563,25.531904459095845,25.76806640625,159700.0
2004-08-27,25.84153841674723,26.098693132204154,25.84153841674723,26.046213150024414,195800.0
2004-08-30,25.84678567038734,26.214151552393506,25.76806369496352,25.962244033813477,86800.0
2004-08-31,25.862527215246764,26.21939667211804,25.862527215246764,26.214149475097656,224200.0
2004-09-01,26.009484900946514,26.035724900247363,25.8677865023416,25.94650650024414,184600.0
2004-09-02,25.531905052979248,25.76281980751629,25.47942306195952,25.7418270111084,619300.0
2004-09-03,26.08819877805325,26.266633534211834,25.972742407821094,26.203657150268555,272600.0
2004-09-07,26.266633346438994,26.508044484815077,26.22989695590277,26.455564498901367,390500.0
2004-09-08,26.224650996164417,26.303370978751335,26.187914603893876,26.240394592285156,947100.0
2004-09-09,26.145923229642047,26.28237437245751,26.08819405398803,26.245635986328125,639600.0
2004-09-10,26.518534215223692,26.702218123706963,26.487047032385085,26.660232543945312,338700.0
2004-09-13,26.670726441793,26.75469559147191,26.5920044881017,26.68647003173828,296700.0
2004-09-14,26.613000736590717,26.9961101569416,26.571017157283222,26.86490821838379,266100.0
2004-09-15,26.589121712343406,26.599873726407793,26.417093588787193,26.481603622436523,439500.0
2004-09-16,26.66439064113447,26.76115674194866,26.50311449002333,26.734277725219727,190200.0
2004-09-17,26.77190772653219,26.83104279149827,26.610631581639442,26.7020206451416,202600.0
2004-09-20,26.3149579882859,26.39559503438524,26.27732695662539,26.336462020874023,319900.0
2004-09-21,26.626756098218667,26.761153214887628,26.55149404100201,26.723522186279297,312800.0
2004-09-22,26.476240823307798,26.54612792151503,26.384851737815058,26.44936180114746,507200.0
2004-09-23,26.55687163158117,26.626756657185283,26.51386356899037,26.551494598388672,239100.0
2004-09-24,26.583761120333524,26.69127926843943,26.47086798765447,26.664398193359375,275700.0
2004-09-27,26.42785811985174,26.54612827983919,26.417106100694888,26.50849723815918,234600.0
2004-09-28,26.79341637387454,26.965444564819336,26.755785335276478,26.965444564819336,315600.0
2004-09-29,26.761157696404403,26.863300834649902,26.6590166088965,26.847171783447266,456300.0
2004-09-30,26.96006395077333,27.19122716859315,26.96006395077333,27.11058807373047,323200.0
2004-10-01,26.868670373139608,27.234230681677875,26.852543375942595,27.132089614868164,386200.0
2004-10-04,27.347127992460646,27.47077310847817,27.30949695935694,27.417015075683594,395200.0
2004-10-05,27.51378345352643,27.68581163359851,27.481527400736287,27.551414489746094,754100.0
2004-10-06,27.395514560362503,27.4922806724093,27.309500466402877,27.427770614624023,440200.0
2004-10-07,27.309497536754385,27.325626587523768,27.09446335029217,27.16972541809082,251200.0
2004-10-08,27.438518455049604,27.62129863322676,27.438518455049604,27.519155502319336,679200.0
2004-10-11,27.685803153802652,27.890087324095333,27.65892414341239,27.8094482421875,245800.0
2004-10-12,27.873961808719248,27.873961808719248,27.766445753536615,27.82020378112793,305200.0
2004-10-13,28.67497848800239,28.782496627456215,28.465319243973305,28.59433937072754,547800.0
2004-10-14,28.906133560203347,28.911508542817376,28.674970343790456,28.760984420776367,515000.0
2004-10-15,28.637338273002488,28.77173539158196,28.610459259434048,28.653465270996094,383900.0
2004-10-18,28.814742449866053,28.82549446583146,28.615835281349387,28.760984420776367,351100.0
2004-10-19,28.642714496349786,28.82011968491456,28.540573420069606,28.605083465576172,615800.0
2004-10-20,28.750236438186533,28.820123526397484,28.368549046185645,28.680349349975586,632700.0
2004-10-21,28.685719714921404,28.728725724080512,28.513691576810643,28.717973709106445,239800.0
2004-10-22,28.65347070826831,28.66959976005984,28.411555438772048,28.43843650817871,179000.0
2004-10-25,28.524454630853917,28.658851793936222,28.277162292221625,28.508325576782227,310900.0
2004-10-26,28.43842737721877,28.572824478149414,28.336284268039794,28.572824478149414,178000.0
2004-10-27,28.696473991533328,28.696473991533328,28.4223027149294,28.6265869140625,153500.0
2004-10-28,28.51370300035307,28.814751337288346,28.470694923226322,28.787872314453125,306900.0
2004-10-29,28.96527055093528,29.131921682650106,28.57820615336215,28.911510467529297,349500.0
2004-11-01,28.93840023066431,29.158811512019277,28.922271175426946,29.088924407958984,227100.0
2004-11-02,29.212560946184848,29.406093146056545,29.174929912958405,29.20180892944336,212900.0
2004-11-03,29.545876812779113,29.545876812779113,29.384600600083125,29.497493743896484,240100.0
2004-11-04,29.37383166564292,29.653377897030712,29.309321627857162,29.637250900268555,245700.0
2004-11-05,29.621127871711238,29.927553176879883,29.578121854694388,29.927553176879883,326000.0
2004-11-08,29.76627433052196,30.094203639891234,29.7393953159767,29.954431533813477,167600.0
2004-11-09,29.97056609033228,30.002822146363297,29.825416914299527,29.959814071655273,172400.0
2004-11-10,29.981310182338216,30.08882828994399,29.846913060515327,29.970558166503906,207700.0
2004-11-11,29.809280060029916,30.024314210290086,29.771649032465955,29.97593116760254,224300.0
2004-11-12,29.75552573865868,30.121086120605465,29.68026366897627,30.12108612060547,191000.0
2004-11-15,29.889925509519383,30.06733073288141,29.879175542107543,30.013572692871094,168400.0
2004-11-16,29.93831141280726,30.15334769477293,29.916809425201066,30.051206588745117,131100.0
2004-11-17,29.9813144392351,30.29311473975175,29.932931386479698,30.099584579467773,266400.0
2004-11-18,29.900670629047795,29.992061736865086,29.809281571967805,29.841535568237305,172100.0
2004-11-19,29.78240628676328,29.787781269902016,29.45985192852506,29.62112808227539,174200.0
2004-11-22,29.48136641662349,29.863053927684113,29.449110354140426,29.803918838500977,145800.0
2004-11-23,29.648007123523648,29.99743842430692,29.648007123523648,29.922176361083984,173900.0
2004-11-24,29.879167799806265,30.051195944148596,29.836159738352062,30.024314880371094,157400.0
2004-11-26,30.51352222640944,30.642544368178847,30.449012180893423,30.545778274536133,112500.0
2004-11-29,30.4543993703617,30.664058626259955,30.411391291850233,30.59417152404785,149400.0
2004-11-30,30.320002488632827,30.416768615463166,30.169476263153374,30.28774642944336,186100.0
2004-12-01,30.481266798923656,30.75006103515625,30.465137750248353,30.75006103515625,219600.0
2004-12-02,30.857582592968388,30.895213626193133,30.5350282429509,30.61566734313965,317000.0
2004-12-03,30.9812335321295,31.137132677330595,30.707062180548824,30.911346435546875,257300.0
2004-12-06,30.508154323320202,30.884466769173923,30.459771265271325,30.787700653076172,187400.0
2004-12-07,30.868333152851687,30.922093237590985,30.64254694915927,30.744688034057617,297000.0
2004-12-08,30.561915818535027,30.744696052846034,30.492030766252938,30.65330696105957,190600.0
2004-12-09,30.352245536089097,30.836075995516858,30.287735491744506,30.793067932128906,271200.0
2004-12-10,30.21247935967599,30.416763599377585,30.131840250369695,30.4060115814209,371900.0
2004-12-13,30.696312349097717,31.018866782721553,30.67481036077989,30.900596618652344,241700.0
2004-12-14,30.89521437641961,31.147879598387295,30.889837342549786,31.03498649597168,273000.0
2004-12-15,31.16401122971972,31.207017250551534,30.830704827268946,31.00811004638672,243000.0
2004-12-16,30.95972625861529,31.00273227842942,30.814577096609455,30.96510124206543,356300.0
2004-12-17,30.75006103515625,30.814571077645635,30.486641781323904,30.75006103515625,436800.0
2004-12-20,31.051121519300146,31.14251266206339,30.857591315469566,30.943605422973633,249900.0
2004-12-21,30.320000041867996,30.556538304621707,30.29311896934365,30.454397201538086,672300.0
2004-12-22,30.212475131037678,30.55115647168831,30.169467065230478,30.427509307861328,310300.0
2004-12-23,30.373745172463863,30.63178736323883,30.36837019068684,30.588781356811523,260200.0
2004-12-27,30.69631273516562,30.90059700728953,30.594171624472697,30.809207916259766,148000.0
2004-12-28,30.85759378468623,31.056501039692492,30.78232964020173,30.997365951538086,158100.0
2004-12-29,30.545787916245597,30.868340296375994,30.545787916245597,30.76082420349121,177100.0
2004-12-30,30.96510124206543,31.05649236661918,30.825329114247406,30.96510124206543,137300.0
2004-12-31,31.09949823707006,31.158633308425944,30.986605128520278,31.11562728881836,162100.0
2005-01-03,30.991984015998593,31.099500096815834,30.803826773092847,30.819955825805664,393500.0
2005-01-04,30.889835761601486,30.927466793814062,30.37375127633978,30.427509307861328,416700.0
2005-01-05,30.631790400490527,30.642542415847714,30.217847037556396,30.319990158081055,337500.0
2005-01-06,30.22323065886334,30.319996767434503,30.02432140750168,30.137216567993164,199800.0
2005-01-07,30.900587778053286,30.927466793814062,30.319993244818228,30.427509307861328,298600.0
2005-01-10,30.072706289853205,30.260863534951625,29.949061154882262,30.142593383789062,614500.0
2005-01-11,29.965186923001955,30.045823975715155,29.841539750847392,29.90067481994629,419500.0
2005-01-12,29.83616455073065,30.040448774113344,29.793156482339526,29.981313705444336,368400.0
2005-01-13,29.771655964328907,29.836166019353396,29.669512822240993,29.70176887512207,334100.0
2005-01-14,29.84155062918136,30.104970019173997,29.814671601811906,29.992076873779297,203100.0
2005-01-18,29.841542080730505,30.18560050501037,29.674890928336026,30.104961395263672,301700.0
2005-01-19,30.040448992495975,30.104959044814052,29.895299836727112,29.90067481994629,356100.0
2005-01-20,29.728643865073142,29.938303053543514,29.707139832733258,29.78240394592285,216900.0
2005-01-21,29.432971587607682,29.53511266855033,29.35233248899048,29.449098587036133,408900.0
2005-01-24,29.336210839352585,29.44910395741403,29.271700779137163,29.314706802368164,256500.0
2005-01-25,29.502867277065654,29.56737734433755,29.336214048313686,29.411476135253906,248800.0
2005-01-26,29.65338933547443,29.79316147971521,29.605006275787638,29.7125244140625,215600.0
2005-01-27,29.497481438823442,29.79315471388037,29.3845883421042,29.755523681640625,255200.0
2005-01-28,29.658754713824283,29.696387793159296,29.416841544477883,29.642627716064453,410400.0
2005-01-31,29.58349961994912,29.64801172764769,29.432975470127918,29.51898956298828,321700.0
2005-02-01,29.540491472871306,29.916803871079,29.49210842094835,29.90067481994629,335800.0
2005-02-02,30.05657746060463,30.20710160694302,29.997442388618065,30.137216567993164,272600.0
2005-02-03,29.889926079300984,30.147970418335262,29.84692005662048,30.142593383789062,461300.0
2005-02-04,29.997444807413714,30.336126214721812,29.997444807413714,30.045827865600586,611000.0
2005-02-07,30.094210025752236,30.341500293222303,30.02969996700739,30.228607177734375,321200.0
2005-02-08,30.02432009124283,30.088832194620537,29.873795951503382,30.040449142456055,339100.0
2005-02-09,29.72864466586044,29.863041795498813,29.5834955197625,29.755523681640625,342400.0
2005-02-10,29.766282497635892,30.018949815309014,29.73940347571571,29.93293571472168,252000.0
2005-02-11,29.938303658169797,30.00819073931714,29.814658545824457,29.98668670654297,280700.0
2005-02-14,30.38988347848341,30.50277864518656,30.27699036251806,30.44364356994629,234300.0
2005-02-15,30.567291955117764,30.803830230497518,30.481277850367125,30.76082420349121,220100.0
2005-02-16,30.26623710646169,30.50277739774925,30.244733070755963,30.416763305664062,229700.0
2005-02-17,30.31461172555418,30.422129823425223,30.088825565688428,30.30385971069336,301900.0
2005-02-18,30.57265644469348,30.91133776308679,30.57265644469348,30.80381965637207,314400.0
2005-02-22,31.314533527370536,31.45968268422969,31.13712831874125,31.153257369995117,510800.0
2005-02-23,31.42204994518435,31.470432994846927,31.040362581589303,31.147878646850586,703400.0
2005-02-24,31.018860230749194,31.099497284069027,30.89521510840203,31.07799530029297,288600.0
2005-02-25,31.185505756596974,31.395166979250373,31.13712271302115,31.3736629486084,223400.0
2005-02-28,31.099500987706158,31.131757043318025,30.771573650639162,30.787700653076172,361300.0
2005-03-01,30.884470339551196,30.965107411796083,30.680186065202264,30.943605422973633,534400.0
2005-03-02,30.72529725677382,30.97633826565118,30.659808750510614,30.9599666595459,354400.0
2005-03-03,30.801717429321744,30.943611698032818,30.58887810809833,30.889036178588867,583000.0
2005-03-04,30.998167862311156,31.3146994531734,30.98725276450466,31.227380752563477,293200.0
2005-03-07,30.861736961210614,31.11823659411037,30.850821861742286,31.02545928955078,431000.0
2005-03-08,31.10731741419247,31.298326425226996,31.063657022046247,31.238296508789062,354000.0
2005-03-09,31.227376767294363,31.40201414622681,31.21646167088086,31.254663467407227,330900.0
2005-03-10,31.653066755687256,31.72401386753833,31.49480092226661,31.593034744262695,362900.0
2005-03-11,31.860436883792,32.17696634344925,31.844063198714725,31.942296981811523,492700.0
2005-03-14,31.74583282622253,31.942300413523572,31.74583282622253,31.844066619873047,193700.0
2005-03-15,31.822235720573097,31.871352613097322,31.653054850358153,31.70762825012207,383400.0
2005-03-16,31.887727182096338,31.975045878943966,31.811323582584908,31.81678009033203,200800.0
2005-03-17,31.663975902192707,31.78949641073162,31.587572295416162,31.713092803955078,186400.0
2005-03-18,31.543907236576203,31.653056122331922,31.46204713364079,31.57665252685547,250800.0
2005-03-21,31.14552415036697,31.380193590723252,31.02000362582517,31.287418365478516,566400.0
2005-03-22,31.380192985363156,31.72401133490126,31.172810257500544,31.183725357055664,419200.0
2005-03-23,31.134599928251358,31.298322213081697,31.052739826757087,31.140058517456055,277500.0
2005-03-24,31.134602632564206,31.47296232818199,31.12368753504854,31.243751525878906,486200.0
2005-03-28,31.216464510572784,31.40747351058026,31.16734761316487,31.17826271057129,317700.0
2005-03-29,31.12368493115503,31.38018449670881,31.052739926001614,31.080026626586914,354300.0
2005-03-30,31.05275135080065,31.32562262073091,31.04183625018233,31.232845306396484,321800.0
2005-03-31,31.10732114131985,31.15643804744826,30.899938417461865,31.05274772644043,470900.0
2005-04-01,31.60394456447359,31.65306146726545,31.211009342138723,31.32561683654785,184400.0
2005-04-04,31.09095073338094,31.30378997420584,31.058205434083874,31.287418365478516,241400.0
2005-04-05,32.06782025450848,32.20971443436879,31.99141665697227,32.0787353515625,591500.0
2005-04-06,32.26974079939792,32.42254796782076,32.242454102442636,32.357059478759766,334100.0
2005-04-07,32.466215445597705,32.63539425280821,32.44438525052474,32.53170394897461,247800.0
2005-04-08,32.33525040776306,32.58083500444377,32.29158999864521,32.482601165771484,292500.0
2005-04-11,32.908265582353614,33.02287098419962,32.79911668837752,32.87006378173828,535400.0
2005-04-12,32.853699386438066,33.11565554036503,32.739093959440474,33.01742172241211,222400.0
2005-04-13,32.799118567158786,32.826407353597446,32.60810955314083,32.71725845336914,491600.0
2005-04-14,32.65177535583902,32.67360347402756,32.47713583743352,32.52625274658203,432100.0
2005-04-15,32.771835015741125,32.864612318506595,32.48259217187208,32.55353927612305,452700.0
2005-04-18,32.23700325840572,32.357067252062414,32.149684558066866,32.20425796508789,435600.0
2005-04-19,32.48258908798345,32.6735981022452,32.37344018761582,32.624481201171875,410200.0
2005-04-20,32.44439041593556,32.68997494500049,32.38981491956429,32.46076202392578,398000.0
2005-04-21,32.29158134786953,32.542624469358046,32.28066833035651,32.46622085571289,296600.0
2005-04-22,32.38982315921976,32.41711195526856,32.133325547472396,32.2861328125,257500.0
2005-04-25,32.45529959131367,32.96829667251506,32.422554299467734,32.8264045715332,286900.0
2005-04-26,32.31886132656142,32.526241912251045,32.23699914463431,32.38434982299805,265400.0
2005-04-27,32.55354023245329,32.6845172637034,32.44439131851661,32.62994384765625,273800.0
2005-04-28,32.526259493046446,32.78821778406779,32.43894075665363,32.482601165771484,347900.0
2005-04-29,32.498963425664385,32.60811233520508,32.231550783224094,32.60811233520508,388500.0
2005-05-02,32.71726381690462,32.76638072596728,32.515339671576996,32.6190299987793,421500.0
2005-05-03,32.44439934871481,32.62449333171873,32.357080612321994,32.482601165771484,361400.0
2005-05-04,32.68997817057696,33.20843190528571,32.66268937877753,33.0665397644043,243900.0
2005-05-05,33.23571991632354,33.41581386328242,33.15931421565957,33.268463134765625,685600.0
2005-05-06,32.897353118036285,33.04470382442239,32.85369480605642,32.913726806640625,583500.0
2005-05-09,32.53716135766531,32.68997064556485,32.477129360473576,32.57536315917969,378900.0
2005-05-10,32.575370016030405,32.62994551671152,32.34615915869715,32.4716796875,225400.0
2005-05-11,32.750001557889824,32.815492146915595,32.58627924900962,32.77729034423828,256800.0
2005-05-12,32.7718320135075,32.79911871822973,32.48258919613605,32.564449310302734,266000.0
2005-05-13,32.78821421081913,32.880989447319614,32.55354474199209,32.70089340209961,294600.0
2005-05-16,32.291580705721294,32.662685749054276,32.291580705721294,32.60811233520508,243800.0
2005-05-17,32.42801863210837,32.679061766487024,32.36253011445597,32.61357116699219,228700.0
2005-05-18,32.558987471188544,32.788200333378754,32.48258387773907,32.66267776489258,285100.0
2005-05-19,32.307951787703225,32.63539640805423,32.307951787703225,32.564449310302734,385100.0
2005-05-20,32.24792533931362,32.53716820647486,32.204264938768716,32.4716796875,227300.0
2005-05-23,32.122395093255825,32.3898076792504,32.1114799964215,32.31340408325195,207100.0
2005-05-24,32.417093620702616,32.482582114126274,32.28611455201363,32.38980484008789,200500.0
2005-05-25,32.13331967505808,32.26429671204753,32.02962726544543,32.160606384277344,240000.0
2005-05-26,31.904095186367403,31.9586706668888,31.740372908486638,31.942296981811523,339100.0
2005-05-27,32.024163263339624,32.13331215652054,31.81678057448009,32.10056686401367,374100.0
2005-05-31,31.82769671781237,31.898643812987515,31.60939892427747,31.718547821044922,546900.0
2005-06-01,31.42931435672529,31.75130255288902,31.407484154514236,31.625782012939453,328300.0
2005-06-02,31.571190878481588,31.63122286392256,31.369266812596024,31.52753257751465,343000.0
2005-06-03,31.25467324690128,31.456597389128056,31.17281103910648,31.412939071655273,301800.0
2005-06-06,31.522087572217433,31.76221561745712,31.385651939910353,31.68581199645996,177400.0
2005-06-07,32.389810900134435,32.85369319343412,32.29157710069883,32.5808219909668,743400.0
2005-06-08,32.70087560771115,32.70087560771115,32.30794259150363,32.357059478759766,207900.0
2005-06-09,32.32433181443134,32.48259765762639,32.18243966380855,32.39527893066406,243500.0
2005-06-10,32.59173249052944,32.60810409417815,32.242457733745056,32.38434982299805,167200.0
2005-06-13,32.02416951088992,32.324327464313335,31.964137503836756,32.1715202331543,196800.0
2005-06-14,32.19880288697218,32.6135662115396,32.18788778871487,32.564449310302734,447900.0
2005-06-15,32.329793220703806,32.357079934909756,32.1660687717824,32.2861328125,283800.0
2005-06-16,32.28612393293342,32.31341063963478,32.05691309843125,32.29703903198242,270400.0
2005-06-17,32.662683707559474,32.684513904471636,32.33523908124575,32.51533508300781,206200.0
2005-06-20,32.471674798957054,32.569908603551696,32.3898126011808,32.45530319213867,181700.0
2005-06-21,32.41710591011198,32.569913146644026,32.36253041003449,32.52625274658203,191800.0
2005-06-22,32.739092645530654,32.81003766977197,32.591741924514864,32.68997573852539,211800.0
2005-06-23,32.82640185996523,32.962837441957035,32.71179438889237,32.749996185302734,440100.0
2005-06-24,32.49350214851791,32.74454314633104,32.44984175837199,32.53170394897461,282500.0
2005-06-27,32.40618771474779,32.466219718177705,32.28612370788795,32.4171028137207,195000.0
2005-06-28,32.20972093596775,32.59719759130974,32.20972093596775,32.55353927612305,454300.0
2005-06-29,32.2642878552406,32.64085141736109,32.198799354723,32.56990432739258,684000.0
2005-06-30,32.444388137829144,32.56990864790608,32.362525939941406,32.362525939941406,325600.0
2005-07-01,32.14423214820662,32.23700736833878,31.95322103559675,32.116943359375,362900.0
2005-07-05,31.598482809107814,31.88772558760714,31.516620624100685,31.882266998291016,513800.0
2005-07-06,31.871368907822795,32.54263206095295,31.854995214048916,32.4334831237793,1604800.0
2005-07-07,30.83445649614597,31.5439214504852,30.643447421384835,31.281965255737305,1580900.0
2005-07-08,30.58885463379113,30.87809946026562,30.43058887162379,30.785322189331055,1232400.0
2005-07-11,30.212300193333647,30.59432029724121,30.195928587200005,30.59432029724121,1586000.0
2005-07-12,30.834451200193513,31.020003733167492,30.768962683215175,30.94905662536621,570100.0
2005-07-13,30.616147684509155,30.698009876917748,30.457883971343655,30.5506591796875,416000.0
2005-07-14,30.670721816337114,30.69800851865197,30.545201320215213,30.621604919433594,354700.0
2005-07-15,30.28870791148939,30.452430240588427,30.157728799104742,30.26142120361328,816100.0
2005-07-18,30.277793173800045,30.452430604504976,30.22321975739565,30.359655380249023,620200.0
2005-07-19,30.157733560099423,30.288712693161717,30.097703626032008,30.185022354125977,353300.0
2005-07-20,30.097707842471017,30.27234532312421,29.879409950733034,30.19048309326172,440400.0
2005-07-21,30.315980570078818,30.55610848452818,30.26140717961745,30.46333122253418,504500.0
2005-07-22,30.19592614898245,30.359648442625083,30.190467559483945,30.277786254882812,500800.0
2005-07-25,30.17955899814258,30.337824818403337,30.108611892190794,30.26142120361328,372400.0
2005-07-26,30.097690999303314,30.152264400776136,30.021285322662816,30.103147506713867,365500.0
2005-07-27,30.119532940571414,30.261427180500288,30.081331125631205,30.1413631439209,406400.0
2005-07-28,30.168641470326442,30.45242778944903,30.141354764646657,30.343278884887695,359200.0
2005-07-29,30.419694606157396,30.479724545710706,30.294171971323788,30.38149070739746,466200.0
2005-08-01,30.507003654163096,30.507003654163096,30.33236623747512,30.441513061523438,394500.0
2005-08-02,30.506999520606026,30.65434812947465,30.47425422872303,30.621604919433594,339600.0
2005-08-03,30.58885650064726,30.627058296351326,30.468794606366657,30.53973960876465,480900.0
2005-08-04,30.354187378671533,30.64343222509776,30.315985582663835,30.545198440551758,275600.0
2005-08-05,30.59977161683453,30.605230205848237,30.30507026534614,30.419677734375,369400.0
2005-08-08,30.616155987151483,30.676188000285297,30.534295854385682,30.561582565307617,302500.0
2005-08-09,30.430590728820867,30.556113293953338,30.37056082260143,30.53973960876465,352000.0
2005-08-10,30.889025931075757,30.970888142162085,30.698016880997663,30.81808090209961,589600.0
2005-08-11,31.167348271522908,31.243751873139797,31.069114474632052,31.189178466796875,476500.0
2005-08-12,30.992712503822037,31.107317912277797,30.927221914554078,31.030914306640625,343800.0
2005-08-15,30.970874357291137,31.134596624749914,30.894470771266484,31.085479736328125,176100.0
2005-08-16,31.069113922130164,31.15097611203079,31.030912122001062,31.11823081970215,463200.0
2005-08-17,31.00362998729167,31.13460701222005,30.954513082482958,31.06911849975586,319100.0
2005-08-18,31.276506656924788,31.396568603680475,31.161899137879733,31.309249877929688,469900.0
2005-08-19,31.30924231492564,31.40747611789643,31.260125413440246,31.34198760986328,389700.0
2005-08-22,31.871370747997958,31.953230894222486,31.47843538422281,31.538467407226562,318100.0
2005-08-23,31.625773900927566,31.653060605771014,31.500253393174013,31.58757209777832,252100.0
2005-08-24,31.472968815967988,31.489342506537728,31.249214475377396,31.287418365478516,357200.0
2005-08-25,31.54391093999234,31.707633246926832,31.527539333851514,31.636688232421875,367700.0
2005-08-26,31.68580479424724,31.713091498137857,31.434761705664208,31.445676803588867,163500.0
2005-08-29,31.161898713126018,31.516632202689873,31.134612002046325,31.456600189208984,230500.0
2005-08-30,31.178259187358368,31.211002394035614,30.861727643866796,30.9981632232666,594900.0
2005-08-31,31.189187975336406,31.494802474975586,31.15098616288151,31.494802474975586,374400.0
2005-09-01,32.106023218980454,32.46075449482525,32.07327792875279,32.40072250366211,651400.0
2005-09-02,32.995586353110646,33.21388415477077,32.97921474663088,33.08836364746094,551300.0
2005-09-06,33.508584211538604,33.63410471378799,33.44855221441019,33.557701110839844,726100.0
2005-09-07,33.51404565230504,33.55770605003989,33.399440231014594,33.481300354003906,639400.0
2005-09-08,33.49766587812575,33.53040908660251,33.213879607556784,33.290283203125,595000.0
2005-09-09,33.31757564911985,33.503128162569894,33.31757564911985,33.44309616088867,318700.0
2005-09-12,33.235715142643585,33.28483204509447,33.14839643626891,33.192054748535156,506700.0
2005-09-13,33.30120658216813,33.30120658216813,33.1047389550772,33.148399353027344,853100.0
2005-09-14,33.26726969452946,33.35656273295325,33.211460214943365,33.32865905761719,1595400.0
2005-09-15,33.03844638270234,33.18354672889937,32.9826369196163,33.071929931640625,1051600.0
2005-09-16,33.15007224044149,33.39562755839452,33.03845541267596,33.28959274291992,898700.0
2005-09-19,33.166808600266656,33.200294281799174,33.06077380211739,33.09425735473633,413900.0
2005-09-20,33.17240524291992,33.29518400832558,33.11659787441625,33.17240524291992,791400.0
2005-09-21,33.31749997982119,33.362145438352385,32.97148969277639,33.010555267333984,547700.0
2005-09-22,32.70361011144161,32.759419598624646,32.61431706086301,32.75383758544922,768100.0
2005-09-23,32.67012089284108,32.75383191575385,32.54176228791037,32.7203483581543,444100.0
2005-09-26,32.882189211457806,32.882189211457806,32.70918516031134,32.80405807495117,475400.0
2005-09-27,32.72034761237536,32.787316854961965,32.64779635770681,32.68128204345703,429400.0
2005-09-28,32.402239893399155,32.402239893399155,32.095293107253255,32.245975494384766,677700.0
2005-09-29,32.22366218294602,32.49712122647707,32.19575637412855,32.41341018676758,524800.0
2005-09-30,32.424556067158704,32.547334760839895,32.301779502390914,32.37432861328125,526500.0
2005-10-03,32.80406049420663,32.86544985710746,32.60315062613628,32.71476745605469,503100.0
2005-10-04,33.155655854967854,33.18355953282088,32.943584071239385,32.98823165893555,448000.0
2005-10-05,33.222615940573945,33.390042219322936,33.02728812058488,33.09425735473633,634300.0
2005-10-06,33.07194269249462,33.094266486342704,32.81522544998414,32.98823165893555,531400.0
2005-10-07,32.63104935783328,32.65337101584779,32.37991207717695,32.591983795166016,424400.0
2005-10-10,32.4189805738198,32.59198674479897,32.35201133588844,32.43572235107422,248900.0
2005-10-11,32.44687518137732,32.55291208480328,32.31293674293087,32.34642028808594,289200.0
2005-10-12,32.34085661096779,32.44689143860848,32.03949178009742,32.179012298583984,300700.0
2005-10-13,32.128780547515724,32.20691168683559,31.793932199312348,32.1064567565918,287100.0
2005-10-14,32.59198709957547,33.08309768830295,32.56408129862942,33.02729034423828,553800.0
2005-10-17,32.64221591047572,32.804058066520525,32.51385518177489,32.61989212036133,309500.0
2005-10-18,32.446884993399756,32.68128052493251,32.446884993399756,32.474788665771484,212800.0
2005-10-19,32.58082223912018,32.9045086372745,32.46362342099114,32.87102508544922,347400.0
2005-10-20,32.558501225536354,32.59198690912771,32.14551964356439,32.22923278808594,234400.0
2005-10-21,32.65338015949864,32.731513435625665,32.318531777467754,32.35759735107422,277100.0
2005-10-24,32.61431641773491,32.7315152740511,32.58641273915076,32.703609466552734,430300.0
2005-10-25,32.84312429856487,32.99938870361008,32.737089486749134,32.854286193847656,325600.0
2005-10-26,32.96590844785277,33.04403959878809,32.64222194699013,32.73709487915039,379900.0
2005-10-27,33.19470309750072,33.217026879020175,32.7426561018401,32.8207893371582,342700.0
2005-10-28,32.85987044359357,33.12774956188067,32.80964297585762,33.09984588623047,485700.0
2005-10-31,33.26727165167666,33.36214457918354,33.06078188734501,33.16681671142578,1414500.0
2005-11-01,32.94357437962339,32.97148017818102,32.80963591376635,32.84870147705078,313000.0
2005-11-02,32.96590979653728,33.17239957944475,32.91568232189338,33.138916015625,643000.0
2005-11-03,33.08310458941866,33.08868660233776,32.882194702614235,32.98823165893555,503100.0
2005-11-04,33.18913172399768,33.18913172399768,32.887766982974654,33.044029235839844,539300.0
2005-11-07,32.98823922372608,33.250538539305566,32.98823922372608,33.17240524291992,245200.0
2005-11-08,33.0942618237055,33.20029876508731,33.0886819404867,33.14448928833008,290600.0
2005-11-09,33.27284753155436,33.41236802856732,33.17797461546419,33.3733024597168,202900.0
2005-11-10,33.40120827340906,33.518407116383585,33.28959357177842,33.50166320800781,431300.0
2005-11-11,33.45701821960818,33.65234607909911,33.44027431099896,33.574214935302734,284200.0
2005-11-14,33.57421558522726,33.652346730536074,33.50166432362019,33.62444305419922,215600.0
2005-11-15,32.27388418727601,32.85986988156355,32.2013329286952,32.725929260253906,1053200.0
2005-11-16,32.45246979724932,32.69244523233705,32.44130790155758,32.653377532958984,524400.0
2005-11-17,32.748260077664234,33.032881031752204,32.68129081709902,32.977073669433594,606500.0
2005-11-18,32.8487009580976,32.88218450957611,32.47478497825073,32.591983795166016,598600.0
2005-11-21,32.69802958240159,32.78174274706826,32.575250841934256,32.703609466552734,326900.0
2005-11-22,32.47479008425676,32.71476550918039,32.407820841856676,32.69244384765625,359600.0
2005-11-23,32.73150960356466,32.8933517628805,32.6868620224335,32.854286193847656,235000.0
2005-11-25,32.85986360886495,32.85986360886495,32.580822652574454,32.63105010986328,309500.0
2005-11-28,32.74824866568123,32.77615233711677,32.44688390478458,32.66453552246094,350600.0
2005-11-29,32.7203475212468,32.82080244930385,32.564083117094825,32.69244384765625,497700.0
2005-11-30,32.74825934720187,32.77058314319714,32.41341092293031,32.452476501464844,753000.0
2005-12-01,32.558508845267205,33.0831052374886,32.530605166867566,33.03845977783203,793900.0
2005-12-02,33.1165824213556,33.540723759246184,33.04403117302341,33.518402099609375,494200.0
2005-12-05,33.708143716533314,33.7360473825263,33.523975688935764,33.61885070800781,519500.0
2005-12-06,33.55189597228668,33.80861536174285,33.540734074578644,33.57979965209961,836200.0
2005-12-07,33.27284586004086,33.42911025650659,33.21145650381293,33.3174934387207,580100.0
2005-12-08,33.27842954362663,33.4793393999515,33.071937675229485,33.3733024597168,252800.0
2005-12-09,33.20029709915061,33.390045052776244,33.16122940292397,33.27284622192383,354600.0
2005-12-12,33.507251284528344,33.58538244137544,33.32866517490231,33.43470001220703,286800.0
2005-12-13,33.07752711021829,33.12775458557104,32.90452088868898,33.083106994628906,578000.0
2005-12-14,32.72592769874084,32.993806799664355,32.67570023426056,32.97148513793945,493300.0
2005-12-15,33.278438019967915,33.317503598768816,33.04404241824812,33.21704864501953,396100.0
2005-12-16,33.09984933401802,33.15007680698583,32.96590869646578,33.016136169433594,306400.0
2005-12-19,32.988226443004145,32.99938833816333,32.8208022734441,32.89893341064453,340200.0
2005-12-20,32.84312346139012,32.960322294415086,32.8096399053091,32.82638168334961,268700.0
2005-12-21,32.87102331088756,32.90450686090521,32.742662606108546,32.88218307495117,255600.0
2005-12-22,32.720349376784895,32.80406040230372,32.62547432650016,32.725929260253906,299200.0
2005-12-23,32.6143138177951,32.837547486501066,32.6143138177951,32.815223693847656,208200.0
2005-12-27,32.92684315305438,32.93800505027088,32.653381993535575,32.703609466552734,206900.0
2005-12-28,32.78731731247461,32.87103046356137,32.52501809272238,32.62547302246094,276700.0
2005-12-29,32.703609466552734,32.84312998838771,32.653381993535575,32.703609466552734,145800.0
2005-12-30,32.56407844375596,32.692439155896075,32.50827110458388,32.53617477416992,188700.0
2006-01-03,32.87103813472253,33.37331077171757,32.84313232523862,33.23937225341797,341400.0
2006-01-04,33.42912219094211,33.49609145395666,33.36215079901308,33.39005661010742,653600.0
2006-01-05,33.122170813030934,33.19472208000134,32.91010115406235,33.03845977783203,448200.0
2006-01-06,33.28959876935026,33.484926656614796,33.261692960671645,33.406795501708984,510600.0
2006-01-09,33.44027961566725,33.479347322676794,33.356568574997965,33.46818542480469,296000.0
2006-01-10,33.34540092259374,33.54631079179125,33.30633535124022,33.50166320800781,332000.0
2006-01-11,33.39004610109333,33.596535838932105,33.37330219392373,33.5909538269043,342400.0
2006-01-12,33.73047414028675,33.78628361569376,33.590953645139926,33.613277435302734,262100.0
2006-01-13,33.479346644221614,33.6579327487276,33.43469905363797,33.60212326049805,219700.0
2006-01-17,32.831964639818004,33.01055070710035,32.664538338941185,32.97148513793945,636800.0
2006-01-18,33.04403182458445,33.10542117985188,32.84312198149603,32.93241500854492,697100.0
2006-01-19,33.004963672623546,33.08309479905614,32.92125266383728,33.044029235839844,330900.0
2006-01-20,33.04961063770946,33.06635241337531,32.79289134699002,32.7984733581543,610400.0
2006-01-23,32.831967041521224,33.094264149515524,32.725930092687314,33.06636047363281,1120200.0
2006-01-24,33.31191847710941,33.440277099609375,33.23936933977085,33.440277099609375,396900.0
2006-01-25,33.36771786395312,33.54072189331055,33.3398141942742,33.54072189331055,1092500.0
2006-01-26,33.67467135788572,33.87558123875365,33.49608527020625,33.652347564697266,482800.0
2006-01-27,33.49607941999948,33.63559990968846,33.4123662746206,33.512821197509766,379500.0
2006-01-30,33.20588364867401,33.47376279070622,33.18914186758268,33.440277099609375,636800.0
2006-01-31,33.311910428049565,33.58537151697939,33.2895887682927,33.49607849121094,651500.0
2006-02-01,33.473758151162286,33.79186472129233,33.45143436019186,33.72489547729492,589400.0
2006-02-02,33.91464008752218,33.9871913365416,33.79186137824526,33.79744338989258,577200.0
2006-02-03,33.64118306785976,33.78628558345516,33.56305192665328,33.76396179199219,277900.0
2006-02-06,33.50165983410809,33.50165983410809,33.26168441772461,33.26168441772461,542700.0
2006-02-07,33.044040950669064,33.16123768186674,32.90452042431537,33.138916015625,793900.0
2006-02-08,33.032872196512,33.412368119735845,33.00496852281604,33.36214065551758,654300.0
2006-02-09,33.20588560114301,33.54073401614343,33.172399908077246,33.406795501708984,678800.0
2006-02-10,33.45701897183423,33.50724644096318,33.26168897903763,33.429115295410156,385800.0
2006-02-13,33.23936629388621,33.37888680063351,33.1668150342817,33.29517364501953,389400.0
2006-02-14,33.0440330823938,33.373301531341376,33.03287118747361,33.35655975341797,445600.0
2006-02-15,33.62444305419922,33.82535293008707,33.43469507462892,33.62444305419922,593000.0
2006-02-16,33.74721308487987,34.04299580984423,33.724889297999745,33.998348236083984,906600.0
2006-02-17,34.26623739694614,34.50063082700651,34.22717182526941,34.405757904052734,846900.0
2006-02-21,34.40575808784997,34.455985555833216,34.26065556749213,34.3834342956543,460300.0
2006-02-22,34.18810727277751,34.37227538099545,34.182527388701594,34.355533599853516,384200.0
2006-02-23,34.405757904052734,34.472727151367984,34.32762463178529,34.405757904052734,201000.0
2006-02-24,34.37785480297317,34.439244171553966,34.22717451689286,34.282981872558594,211100.0
2006-02-27,34.238327502537196,34.36668822718656,34.188100040822064,34.31087875366211,317000.0
2006-02-28,34.433677673339844,34.57319824565572,34.40577398465967,34.433677673339844,248300.0
2006-03-01,34.86338554760292,35.04755151285665,34.64573389370576,34.96384048461914,697200.0
2006-03-02,34.76851159867412,34.99174527222663,34.628991084932316,34.95825958251953,624900.0
2006-03-03,34.99732079703808,35.39914050781918,34.974997006680496,35.20939254760742,885500.0
2006-03-06,35.187068939208984,35.29868576266024,35.08661401099423,35.187068939208984,285900.0
2006-03-07,35.06986744481351,35.46610509150246,35.064287562413945,35.36565017700195,755400.0
2006-03-08,35.185828976868606,35.42334076492995,35.15755191494392,35.37810134887695,681800.0
2006-03-09,35.30457630139367,35.44029667384609,35.1858204361887,35.219749450683594,433400.0
2006-03-10,35.48554842084673,36.10760498046875,35.46292763320014,36.10760498046875,1581500.0
2006-03-13,35.94359479351428,36.073661032819146,35.830493059307734,35.97752380371094,1544000.0
2006-03-14,35.90967524811535,36.40731958810705,35.870089951916846,36.39601135253906,1898100.0
2006-03-15,36.260290414459455,36.65614337056136,36.186773940939034,36.61655807495117,2086200.0
2006-03-16,36.59958712839988,37.12550842872012,36.56565811369305,36.98978805541992,1771000.0
2006-03-17,36.98980400617999,37.06331834123663,36.82580650692311,36.95021438598633,304900.0
2006-03-20,36.757940913831185,36.83145524244807,36.45256673311781,36.72966384887695,336500.0
2006-03-21,36.50345736429006,36.791862660280216,36.50345736429006,36.65048599243164,395900.0
2006-03-22,36.46387370936808,36.46387370936808,36.06801643290936,36.39601135253906,489600.0
2006-03-23,36.03407574943228,36.09628181110769,35.881388731838875,35.97752380371094,399100.0
2006-03-24,35.841822994166705,36.04540579531159,35.81354808450487,36.011474609375,303100.0
2006-03-27,36.0227815642456,36.09629804813484,35.909679779163014,35.93230056762695,243000.0
2006-03-28,36.30553167266545,36.32815246043254,35.943609854577396,35.96622848510742,486900.0
2006-03-29,35.773952490732476,35.98884563834349,35.728713077004116,35.926639556884766,279000.0
2006-03-30,36.15284273356908,36.21504881440207,35.96622449107012,36.056705474853516,156900.0
2006-03-31,35.966221764111665,35.98318843038495,35.77960569299875,35.870086669921875,215600.0
2006-04-03,35.83051987134691,36.130237857622994,35.78527828091547,35.88706970214844,340200.0
2006-04-04,35.8531334081859,36.090645238153975,35.77396064095921,35.90968322753906,279000.0
2006-04-05,35.85312957972673,36.25463886307738,35.85312957972673,36.16415786743164,323900.0
2006-04-06,35.96057819760166,35.98885310670407,35.74003088647072,35.86444091796875,238300.0
2006-04-07,35.85311517064798,35.92662946696483,35.4968454496836,35.559051513671875,339000.0
2006-04-10,35.796581671250266,35.90402934887288,35.43465764759739,35.61561965942383,300300.0
2006-04-11,35.40071650886181,35.47988925435994,35.03313846947156,35.146240234375,300200.0
2006-04-12,35.547740165882225,35.723045806320506,35.38939903071574,35.451602935791016,489800.0
2006-04-13,35.29892767585851,35.468581414038276,35.29892767585851,35.32154846191406,200600.0
2006-04-17,35.68347737163061,35.68347737163061,35.35548455716535,35.3894157409668,487300.0
2006-04-18,35.57037261770684,35.740024197808644,35.47423535606578,35.717403411865234,293900.0
2006-04-19,36.5317189098596,36.82578470493975,36.45254834529314,36.71268081665039,632900.0
2006-04-20,37.0350309317283,37.34606132871758,37.029378971400156,37.221649169921875,1074200.0
2006-04-21,37.11985650711642,37.3121310134362,37.05765042987826,37.1933708190918,1369600.0
2006-04-24,37.001101184978324,37.33474804567276,36.96717216578186,37.2781982421875,821800.0
2006-04-25,37.37433536938682,37.464818511456194,37.13682359316523,37.24992752075195,763700.0
2006-04-26,37.32344270992784,37.48744017290529,37.170757797210236,37.37433624267578,1074000.0
2006-04-27,36.865383839776904,37.59488801409142,36.85407128946106,37.43654251098633,671600.0
2006-04-28,37.283862677070246,37.59489313602351,37.266898163759045,37.46482467651367,253300.0
2006-05-01,37.521374871799296,37.792820030946544,37.32910463302892,37.38565444946289,318400.0
2006-05-02,37.88894997985267,38.01901842292812,37.81543565996802,37.96812057495117,289900.0
2006-05-03,37.74191720900404,37.83240035496991,37.606196804529105,37.724952697753906,241900.0
2006-05-04,37.86067163171289,38.052946152185456,37.82674261053043,37.939842224121094,293900.0
2006-05-05,38.216946383257316,38.31308149322781,38.0246718488423,38.26218795776367,360100.0
2006-05-08,38.42617382349195,38.61844832142207,38.33569500612199,38.60713577270508,893400.0
2006-05-09,38.6128042060343,38.884249372567254,38.57321890200601,38.754180908203125,570300.0
2006-05-10,38.505349304001,38.5166618541568,38.23956477797205,38.26783752441406,270900.0
2006-05-11,38.895551247429395,39.195269116680386,38.827693202753004,38.88424301147461,529100.0
2006-05-12,38.708934293354105,38.84465901620481,38.34135836710359,38.403564453125,370500.0
2006-05-15,37.821088353788404,38.069912694334526,37.764538543975355,38.013362884521484,581300.0
2006-05-16,38.341360346211246,38.36397682004646,38.12646501450881,38.290462493896484,265000.0
2006-05-17,37.88894816184302,38.12080797527329,37.2103418608532,37.329097747802734,548500.0
2006-05-18,37.634472437726345,37.74757205141677,37.346062813999964,37.41392517089844,320200.0
2006-05-19,36.94456098794362,37.21034987935646,36.661807582521384,37.04635238647461,326800.0
2006-05-22,36.99544168823533,37.52136301234359,36.96151267199386,37.36302185058594,404500.0
2006-05-23,37.36867505826798,37.60618678141399,37.266883703423595,37.408260345458984,400200.0
2006-05-24,37.204689403456086,37.232962152122084,36.83145287948262,37.02372741699219,454800.0
2006-05-25,37.37999380504191,37.62316187031698,37.11420495294197,37.5044059753418,260600.0
2006-05-26,37.91722740977047,38.0359833035718,37.69102385823151,37.88895034790039,523800.0
2006-05-30,37.88894853664639,37.92853383268782,37.295164781551264,37.35171890258789,370100.0
2006-05-31,37.35172234495665,37.6175068917448,37.27255174557735,37.43089294433594,343900.0
2006-06-01,37.199033762041054,37.860675631846334,37.13117571250666,37.79846954345703,805000.0
2006-06-02,38.17169421398651,38.20562322821209,37.98507600680021,38.08121109008789,306600.0
2006-06-05,38.341363069917854,38.55625410241158,38.16040106506142,38.22260284423828,1012700.0
2006-06-06,37.93420007144848,38.1547473951043,37.804131599163725,38.07557678222656,576100.0
2006-06-07,38.44314105526032,39.00864766245203,38.369622435062674,38.64106750488281,477600.0
2006-06-08,38.030319213867195,38.092525285620205,37.71928885510212,38.03031921386719,363100.0
2006-06-09,37.798467935228345,38.075569340617676,37.77585146266192,37.9341926574707,326800.0
2006-06-12,38.12646195041127,38.1321182256526,37.724952697753906,37.724952697753906,269500.0
2006-06-13,37.538328939585675,37.74191167367705,36.916272502961256,36.944549560546875,581300.0
2006-06-14,37.54964226871734,37.78715402526853,37.476123643256265,37.61750030517578,630500.0
2006-06-15,37.758875287535474,38.34135073289226,37.713638036733165,38.30176544189453,424900.0
2006-06-16,37.88895108338991,38.13211915098167,37.88329480801132,37.9341926574707,237300.0
2006-06-19,38.11515041699045,38.11515041699045,37.645778845464896,37.707984924316406,284600.0
2006-06-20,38.4827257771476,38.782443584219436,38.4827257771476,38.55624008178711,270100.0
2006-06-21,38.267846033852976,38.6580471259942,38.199987975723865,38.47708511352539,347800.0
2006-06-22,37.96811080159925,38.047281376318494,37.73059907744152,38.01900863647461,436700.0
2006-06-23,37.577918825444,37.79846609525948,37.577918825444,37.719295501708984,314300.0
2006-06-26,37.6061889817848,37.657082504948455,37.43653527562665,37.56094741821289,458600.0
2006-06-27,37.54964625591307,37.72495195467657,37.35171977110366,37.37433624267578,548100.0
2006-06-28,37.77585054597818,37.80977956847845,37.43089110231256,37.724952697753906,454300.0
2006-06-29,37.470476217978614,38.12646176514817,37.419578370001666,37.96812057495117,805700.0
2006-06-30,38.23391071293425,38.34701033418733,38.030327943099515,38.199981689453125,849700.0
2006-07-03,38.56755065917969,38.674998300121146,38.42617400087701,38.56755065917969,105800.0
2006-07-05,38.1660406942295,38.1886614768365,37.804116801463806,37.99639129638672,691800.0
2006-07-06,38.0812205604074,38.29045960060347,38.01336251508081,38.1943244934082,621700.0
2006-07-07,38.03032610395316,38.18301101670837,37.74757275002042,37.88329315185547,699200.0
2006-07-10,38.17735490274293,38.471416460473606,38.154734119152366,38.369625091552734,324700.0
2006-07-11,38.38658694296274,38.680652794807315,38.30741636311374,38.64106750488281,287500.0
2006-07-12,38.748524137166385,38.748524137166385,38.29612128468897,38.36397933959961,271500.0
2006-07-13,38.30177252338413,38.30177252338413,37.98508582237799,38.013362884521484,489400.0
2006-07-14,37.696677421999155,37.8097770323965,37.50440290695538,37.65143585205078,246100.0
2006-07-17,37.09724497899246,37.317792284418886,37.068972227858616,37.24427795410156,306800.0
2006-07-18,37.26689166161107,37.289512446904034,36.972825767276206,37.2273063659668,272400.0
2006-07-19,36.89364557168397,37.815423995898094,36.86537283328307,37.70232009887695,322600.0
2006-07-20,37.85501695269971,38.007701851529774,37.775846365976946,37.80411911010742,163700.0
2006-07-21,38.035985833566315,38.06991485848811,37.65709302588479,37.962467193603516,222200.0
2006-07-24,38.48272900950554,38.57886410391044,38.26783372263186,38.369625091552734,486000.0
2006-07-25,38.51100502808157,38.539282088592756,38.23390795586139,38.386592864990234,317000.0
2006-07-26,38.42618270581147,38.708936086470786,38.31873935500338,38.53363037109375,238800.0
2006-07-27,39.45539638127465,39.65332715688759,39.22354090236054,39.302711486816406,515200.0
2006-07-28,39.658984585459834,40.26973287645565,39.6250555630069,39.87953186035156,584400.0
2006-07-31,40.03786732671297,40.0831045738164,39.75511403857085,39.766422271728516,250000.0
2006-08-01,39.50064031002679,39.50629658481852,39.10478736407611,39.41581344604492,319700.0
2006-08-02,39.868224912216554,40.003945320886274,39.76077725167961,39.90781021118164,332000.0
2006-08-03,39.89649760231933,39.99828897628417,39.658981520085675,39.82297897338867,237000.0
2006-08-04,39.91911900567755,40.09442903023749,39.68726348406146,39.78905487060547,256000.0
2006-08-07,39.59676389306691,39.930414977165846,39.54021410501672,39.862552642822266,326200.0
2006-08-08,39.78904415054247,39.986970594809414,39.67028828398231,39.73249435424805,335400.0
2006-08-09,39.986975702184004,40.23014374033451,39.94173413358078,39.981319427490234,210600.0
2006-08-10,39.72684296524177,39.97566727690112,39.64767237779988,39.91911315917969,202400.0
2006-08-11,39.76076927963521,40.08876415642515,39.75511731982628,39.88518142700195,307600.0
2006-08-14,40.41676601615862,40.529865634501824,40.190562464998315,40.24711227416992,202000.0
2006-08-15,41.304607753060935,41.34419304743808,41.129302065744064,41.22543716430664,290200.0
2006-08-16,40.99923361607529,41.18585185283589,40.90875047783736,41.021854400634766,237000.0
2006-08-17,40.68820188047719,40.72213521343479,40.40544855451286,40.484619140625,323200.0
2006-08-18,40.495936426600636,40.55248623551349,40.33759523585509,40.49028015136719,228100.0
2006-08-21,41.05579088768635,41.09537618924706,40.79565828964823,40.85786437988281,146700.0
2006-08-22,40.85785730169596,40.993577695752805,40.72213690763911,40.84089279174805,174700.0
2006-08-23,40.733445874251146,40.89178705590647,40.56379645725198,40.78434371948242,303000.0
2006-08-24,40.82958313472907,40.86351647150246,40.626000371984084,40.73344802856445,247700.0
2006-08-25,40.39413764718033,40.659926446316724,40.24145275963021,40.65427017211914,323100.0
2006-08-28,40.65427908230194,41.10102992341751,40.65427908230194,40.886138916015625,157300.0
2006-08-29,40.688199949822426,40.87481817157745,40.445031928452494,40.80130386352539,370200.0
2006-08-30,41.68350626679543,41.841847482593586,41.117999459245134,41.23675537109375,466500.0
2006-08-31,40.235808383087694,40.5411825629596,40.15663777880324,40.43373489379883,734900.0
2006-09-01,40.65992899336113,40.98226761124625,40.58075840752782,40.8295783996582,344300.0
2006-09-05,40.603381015880835,40.73910140991211,40.38283375765243,40.73910140991211,428600.0
2006-09-06,40.286697203246256,40.35455956231529,40.15663307478958,40.224491119384766,347100.0
2006-09-07,39.92477380180542,40.10008381986945,39.80036163236447,39.90215301513672,473300.0
2006-09-08,39.58547209751746,39.81733193360761,39.32533951289923,39.78905487060547,452000.0
2006-09-11,39.70421473543468,39.98131173951814,39.58545887654177,39.77772903442383,481000.0
2006-09-12,40.30932308831277,40.37152918004268,40.134017364969054,40.35456466674805,262300.0
2006-09-13,40.43364771787563,40.589515065220795,40.28932430557784,40.57219696044922,518900.0
2006-09-14,40.64146871120845,40.72228945965536,40.52023758853807,40.583740234375,208200.0
2006-09-15,40.56642217823566,40.56642217823566,40.381688389459725,40.50869369506836,171200.0
2006-09-18,40.51446144086149,40.89547289287447,40.51446144086149,40.80310821533203,321200.0
2006-09-19,41.034043061768635,41.06290510821346,40.814668605897445,40.93013000488281,219500.0
2006-09-20,41.14948079265603,41.42080944774946,41.143706624309374,41.339988708496094,344200.0
2006-09-21,41.27071563085863,41.65173149696828,41.195669053170526,41.53627014160156,563800.0
2006-09-22,41.438128834569845,41.47853920545081,41.19566660928406,41.34576416015625,466900.0
2006-09-25,41.62864548183305,41.91729230702706,41.391952971061464,41.88265609741211,362200.0
2006-09-26,41.82492566052243,42.07316212091631,41.80760755469981,42.0443000793457,319100.0
2006-09-27,41.195669093688004,41.48431587578817,41.05711987151202,41.4150390625,577500.0
2006-09-28,40.993620531610986,41.12062583067707,40.87238940188446,41.08021545410156,484400.0
2006-09-29,40.83197713542359,41.0744393836544,40.79156676071846,41.01093673706055,337800.0
2006-10-02,41.103293099535406,41.29957516865524,40.993610335768075,41.18988800048828,174300.0
2006-10-03,41.03403147696886,41.37463259791203,41.03403147696886,41.21876525878906,219800.0
2006-10-04,41.028250923626466,41.432354632105096,40.98784055277861,41.42081069946289,421300.0
2006-10-05,41.65172892454187,41.680590958300755,41.46122100325289,41.617088317871094,199900.0
2006-10-06,41.36887155784662,41.617103638033,41.33423093842387,41.542057037353516,347700.0
2006-10-09,41.26494661013979,41.26494661013979,41.074438673651294,41.236080169677734,147700.0
2006-10-10,40.78579579008908,40.924345027886,40.676108591116055,40.85506820678711,275000.0
2006-10-11,40.79733652539025,41.10907558928723,40.79733652539025,41.01093673706055,146400.0
2006-10-12,41.05711547501984,41.50740370217413,41.05711547501984,41.49008560180664,364300.0
2006-10-13,41.2649498053443,41.37463259791203,41.02825730754926,41.21876525878906,329100.0
2006-10-16,41.391946244832134,41.42081268442112,41.02247872097469,41.20144271850586,744000.0
2006-10-17,41.363077166734556,41.5189444625347,41.20720546653485,41.38616943359375,308400.0
2006-10-18,41.61709858475995,41.70946768613593,41.39772857559376,41.46123123168945,280500.0
2006-10-19,41.67483139038086,41.80760646783675,41.62287266986248,41.67483139038086,192600.0
2006-10-20,41.82491621435619,41.89419302640177,41.65750495961321,41.853782653808594,268100.0
2006-10-23,41.69215057961482,42.12512084278545,41.599781476025804,42.0443000793457,578800.0
2006-10-24,41.78450964438387,41.93460721527551,41.60555003581349,41.89997100830078,451100.0
2006-10-25,42.18861505175281,42.61581105929897,42.18861505175281,42.511898040771484,422300.0
2006-10-26,42.794778010411726,43.16424560546875,42.690864974026866,43.16424560546875,721000.0
2006-10-27,43.08341974631338,43.35474844279012,42.92755241238027,43.25083541870117,769900.0
2006-10-30,43.01414743507098,43.112286290165045,42.82941365896425,42.962188720703125,496500.0
2006-10-31,42.71395546270619,43.14692569546675,42.71395546270619,42.991058349609375,517600.0
2006-11-01,42.95065291907453,43.39516713798478,42.916012301470076,43.23929977416992,518500.0
2006-11-02,43.15270302982941,43.17002113570574,42.927558844634575,43.00260543823242,269700.0
2006-11-03,42.95064101211429,42.95064101211429,42.73704081297433,42.794769287109375,204100.0
2006-11-06,42.8121000261817,42.95064927162923,42.69663865130785,42.90446472167969,255900.0
2006-11-07,43.23929472614493,43.504849273302014,43.141155863926194,43.15847396850586,290300.0
2006-11-08,43.181563626634784,43.30856452065842,43.07187643174092,43.26815414428711,227600.0
2006-11-09,43.58566346196491,43.75885329046132,43.510616885296635,43.695350646972656,424600.0
2006-11-10,44.2264704354136,44.2264704354136,43.891639034431215,43.94936752319336,554800.0
2006-11-13,43.92050355849712,44.19183228864396,43.79927241608279,44.01864242553711,422500.0
2006-11-14,44.10523101070728,44.11677494453277,43.63762020936464,43.88585662841797,248700.0
2006-11-15,43.724215886805794,43.78194436573559,43.527938177564344,43.58566665649414,662900.0
2006-11-16,43.45867839268993,43.81082797789827,43.36631367108246,43.68382263183594,428000.0
2006-11-17,43.61453242460413,43.833902402909814,43.59144015250871,43.73576354980469,280200.0
2006-11-20,43.793503930487134,44.226474240052134,43.74154520305042,44.04174041748047,553800.0
2006-11-21,44.03018637199179,44.05327864737187,43.72422143090783,43.97245788574219,516700.0
2006-11-22,43.97823328293039,44.105238598864396,43.83390986107835,44.053279876708984,264900.0
2006-11-24,44.007091434464854,44.301507988381516,43.932040450430804,44.24955368041992,132700.0
2006-11-27,44.04750635318222,44.220691801988934,43.84545005630633,43.932044982910156,268400.0
2006-11-28,44.60169470449906,44.734469736072946,44.45159716913761,44.67096710205078,324400.0
2006-11-29,44.67097922154638,44.69984566462432,44.42851695553467,44.56706619262695,249700.0
2006-11-30,44.47469516865386,44.71138323146092,44.45737706703386,44.6190185546875,234000.0
2006-12-01,44.930763919856496,45.051995052656785,44.73448179694116,44.82685089111328,358000.0
2006-12-04,44.75179356748126,44.867254918855686,44.50933133619526,44.69406509399414,507200.0
2006-12-05,44.63633347058482,44.740246477288714,44.51510236349693,44.728702545166016,462800.0
2006-12-06,44.555519820997354,44.63634057191397,44.28419112674848,44.33037567138672,947100.0
2006-12-07,44.451609229116855,44.68830173003364,44.399654916857564,44.56706619262695,518200.0
2006-12-08,44.797974911133956,44.901887917755346,44.64787736725864,44.71138000488281,341300.0
2006-12-11,44.76333806764613,44.97116407790478,44.75756389947233,44.9538459777832,201500.0
2006-12-12,45.17322350230527,45.19054160533369,44.965397457163064,45.103946685791016,338700.0
2006-12-13,45.0635369117226,45.43300446259274,45.01735677116431,45.30600357055664,654000.0
2006-12-14,45.0635362970014,45.334864989433036,45.05199236311945,45.24250030517578,367600.0
2006-12-15,45.24827075105012,45.288681126846086,44.95962395125021,45.04621887207031,384000.0
2006-12-18,45.017357562755805,45.02312732767666,44.71716241964476,44.7748908996582,395400.0
2006-12-19,44.844180955151245,45.16169429554794,44.797996395747724,45.0115966796875,590300.0
2006-12-20,45.092401556107546,45.092401556107546,44.77488832767133,44.855709075927734,665600.0
2006-12-21,44.7113882503232,44.84994188763632,44.62479773250338,44.7748908996582,439800.0
2006-12-22,44.68252605179659,45.306004204260894,44.60747506408843,45.230953216552734,350300.0
2006-12-26,45.08662658765291,45.69278659322816,45.08662658765291,45.46186828613281,298000.0
2006-12-27,45.606199117608135,46.01030291764929,45.50228608268311,45.9641227722168,544000.0
2006-12-28,45.77938887627805,46.27008760507425,45.72743015672963,46.11421585083008,446200.0
2006-12-29,45.83711114780791,46.298943369318025,45.72164978913002,45.785152435302734,386400.0
2007-01-03,45.97566543392357,46.09112240090822,45.785157474438016,45.91216278076172,653000.0
2007-01-04,45.94102425002855,46.004526896314076,45.49650572602985,45.63505935668945,412400.0
2007-01-05,44.87303934378834,44.95386010602288,44.53820795487312,44.61325454711914,610100.0
2007-01-08,44.50932946746212,44.66520118417325,44.37655442445637,44.549739837646484,494200.0
2007-01-09,44.49201261329888,44.740249009787256,44.33037112803206,44.63056182861328,469500.0
2007-01-10,44.07060101447562,44.53243775793485,43.98401047892842,44.32461166381836,435000.0
2007-01-11,44.51510798033293,44.901893619045815,44.47469760620472,44.855709075927734,320200.0
2007-01-12,45.542684531056814,45.77937698364258,45.502274161639725,45.77937698364258,328700.0
2007-01-16,45.69279488470674,45.69279488470674,45.3348712235396,45.47919464111328,337700.0
2007-01-17,45.30023183199586,45.69856584593875,45.24827311502899,45.49650955200195,269600.0
2007-01-18,45.39837203827449,45.60619810350329,45.06354066602797,45.334869384765625,337800.0
2007-01-19,45.05198918691478,45.23094877807179,45.01157881457609,45.21363067626953,430400.0
2007-01-22,45.18477131472951,45.21363775852175,44.82107790671248,44.98271942138672,404300.0
2007-01-23,45.461871540176624,45.461871540176624,45.17322473674693,45.230953216552734,310600.0
2007-01-24,45.60620184670023,45.733207164142094,45.288688553095575,45.5484733581543,986700.0
2007-01-25,45.635054319486805,45.779377698859754,45.340633392333984,45.340633392333984,884700.0
2007-01-26,45.73319960042512,45.73319960042512,45.23095258389823,45.30600357055664,683300.0
2007-01-29,45.363735190612715,45.53692063959938,45.34641708615415,45.40991973876953,305800.0
2007-01-30,45.46187015396978,45.81401959576845,45.38104940382588,45.513824462890625,375600.0
2007-01-31,45.20208859924787,45.577325898771804,44.97117028880208,45.45032501220703,1060500.0
2007-02-01,45.74474205353441,46.06802945338021,45.635059268308595,45.87752151489258,986700.0
2007-02-02,45.66969236857074,45.750513111936975,45.54846125352139,45.69855880737305,247300.0
2007-02-05,45.50805534804944,45.66969685064558,45.38682422110233,45.59465026855469,340000.0
2007-02-06,45.91793435472798,46.212355329616734,45.91793435472798,46.131534576416016,354400.0
2007-02-07,45.76784635885214,46.04494928809193,45.57733837027489,45.89485168457031,519800.0
2007-02-08,45.929492489773494,45.95835894101345,45.67548621735062,45.71589660644531,475400.0
2007-02-09,45.594648320085085,45.88329510650031,45.51959733680086,45.692787170410156,603300.0
2007-02-12,45.55424053158774,45.60619484197893,45.36950234957279,45.47341537475586,240100.0
2007-02-13,45.80826044619822,46.183502283129044,45.785168166528415,46.06227111816406,328500.0
2007-02-14,46.143078254611744,46.864695264470924,46.108442047546724,46.78387451171875,570200.0
2007-02-15,48.013497138953724,48.013497138953724,47.34383899991161,47.47084426879883,650500.0
2007-02-16,46.864687559896396,47.07251357692122,46.62222534150077,46.98014450073242,567400.0
2007-02-20,47.28034778245165,47.36694270527607,47.089839833118084,47.33230209350586,533100.0
2007-02-21,47.02632588345333,47.10714661749563,46.83004821632195,47.0147819519043,616000.0
2007-02-22,46.93397389057512,47.187980092835645,46.91088161684218,47.00324630737305,820900.0
2007-02-23,47.31498651284354,47.47662802838809,47.19952954585485,47.37271499633789,788100.0
2007-02-26,47.45353384696577,47.47662612031563,47.19375347948123,47.3496208190918,254300.0
2007-02-27,46.63377141597001,46.76077669936367,45.72164656650663,46.01606750488281,750000.0
2007-02-28,45.88907117676213,45.952573830851534,45.490741551766206,45.854434967041016,964500.0
2007-03-01,45.057770404968416,45.41568964327915,43.932045163298305,45.02890396118164,1202400.0
2007-03-02,44.59014578790127,44.77487951963263,44.45737075805664,44.45737075805664,585600.0
2007-03-05,43.20464698522971,44.05904337355365,43.0372357323097,43.6318473815918,1486500.0
2007-03-06,44.393880747361806,44.64211718286927,44.162962415940775,44.56706619262695,873700.0
2007-03-07,44.754765114160485,44.96526606222058,44.56180516825723,44.56765365600586,673900.0
2007-03-08,44.62027852336837,44.8483204830958,44.60858600847253,44.655364990234375,736900.0
2007-03-09,45.000349186583335,45.14068166841989,44.8775577073402,44.965267181396484,414500.0
2007-03-12,44.81907505321793,45.15821588921997,44.731365600998366,44.84830856323242,1030600.0
2007-03-13,44.69628808680886,44.854161547765614,44.298675729816175,44.357147216796875,457300.0
2007-03-14,43.99461171623126,44.40976502467248,43.813348789456526,44.08232116699219,965500.0
2007-03-15,44.363000729209524,44.456554226758584,44.199274301592915,44.3980827331543,1174200.0
2007-03-16,44.40977282227419,44.52672026418541,44.29867832881949,44.316219329833984,1562500.0
2007-03-19,44.801541586644404,45.01788654925628,44.591040650365045,44.842472076416016,389000.0
2007-03-20,44.98863664696361,45.23421949613834,44.85999673708528,45.1640510559082,526500.0
2007-03-21,45.59091774651191,46.05869413393701,45.31609683259167,45.91836166381836,721300.0
2007-03-22,45.918368538748474,46.38030096901736,45.830659058884095,46.0470085144043,387800.0
2007-03-23,46.269200489331055,46.333520475062954,46.12886800277477,46.30428695678711,359800.0
2007-03-26,46.33351211333573,46.468000548619536,46.24580265215833,46.432918548583984,439900.0
2007-03-27,46.754527991854644,46.83638899056783,46.49724801813329,46.52063751220703,656500.0
2007-03-28,46.169781804507785,46.68433704323579,46.09376933116579,46.33350372314453,533700.0
2007-03-29,46.58493987438006,47.00009319961155,46.57909584889084,46.84806823730469,471800.0
2007-03-30,46.94162162826067,47.46787389202577,46.918232143083536,47.3333854675293,593900.0
2007-04-02,47.77777843023906,47.81286042868437,47.56727751739061,47.71930694580078,368200.0
2007-04-03,47.894732307762794,48.023367806408515,47.75439537291288,47.85964584350586,265800.0
2007-04-04,47.94736302152593,48.18125348945861,47.9239735286237,48.093544006347656,379700.0
2007-04-05,47.79532985545821,48.00583081422501,47.672538373025795,47.918121337890625,367000.0
2007-04-09,47.7719288647988,48.23970965191936,47.56727644334163,47.91226577758789,225900.0
2007-04-10,48.09353674685735,48.18124621672899,47.36263193307533,48.02921676635742,312800.0
2007-04-11,48.26895708800973,48.409289567225294,48.04675916307191,48.12862014770508,427100.0
2007-04-12,48.052588723630016,48.3332580325986,47.51464404761816,48.18122863769531,548300.0
2007-04-13,48.134476089740254,48.192947593377724,47.74856059686115,48.07015609741211,288000.0
2007-04-16,48.356649640042725,48.420969605837776,48.22216568326249,48.37419509887695,254600.0
2007-04-17,48.36251623585017,48.7075056780324,48.29234775750219,48.62564468383789,317500.0
2007-04-18,48.59640362890306,48.7484330918298,48.473612145377764,48.67826461791992,198500.0
2007-04-19,48.54377337538296,48.865373286005585,48.48530188102132,48.66072082519531,212700.0
2007-04-20,48.50284770813015,48.80105815845532,48.43852771960727,48.643184661865234,263400.0
2007-04-23,48.63148768517589,48.912157131556555,48.61394668123138,48.643184661865234,486200.0
2007-04-24,48.49114387424343,48.8536742284735,48.40928290088316,48.649017333984375,331900.0
2007-04-25,49.116808546960634,49.280530528342865,48.958935053796175,49.023250579833984,634500.0
2007-04-26,49.29221889009404,49.32145240389499,48.88875803427872,48.912147521972656,435500.0
2007-04-27,49.22789392004251,49.3740748574831,49.14603295196283,49.23373794555664,336000.0
2007-04-30,49.50855474147756,49.701514633657546,49.3214433354179,49.35068130493164,585000.0
2007-05-01,49.426700888380665,49.58457880871941,49.26297894216898,49.53779983520508,503900.0
2007-05-02,49.61382403466632,50.069907981386635,49.60797554632415,49.83017349243164,482000.0
2007-05-03,49.51442194819968,49.82432491342833,49.473491452057964,49.77754592895508,346100.0
2007-05-04,49.6430497638541,49.8477021944288,49.52025830550929,49.724910736083984,278800.0
2007-05-07,49.759999812982784,49.970500760397194,49.74830729861044,49.91202926635742,184600.0
2007-05-08,49.84770667551384,49.93541614252723,49.701525717521136,49.77169418334961,243200.0
2007-05-09,49.800934591312256,49.87695155508691,49.60213060224806,49.67229461669922,267200.0
2007-05-10,49.28051284581513,49.5436411881277,48.96476151169273,48.99399948120117,406100.0
2007-05-11,48.93554370299546,49.30976663510684,48.90630572410675,49.1635856628418,401500.0
2007-05-14,49.3857814658451,49.4559499418366,49.175280498960035,49.19282150268555,254400.0
2007-05-15,49.368230148066296,49.89448245533387,49.28052068667362,49.590423583984375,374400.0
2007-05-16,49.3623900009894,49.479337456301224,49.20451651268003,49.4617919921875,451800.0
2007-05-17,49.23958643215896,49.35653385876434,49.05832349728084,49.23373794555664,386000.0
2007-05-18,49.45009187929242,49.85355273122102,49.4267023918238,49.6898307800293,317800.0
2007-05-21,49.28051876592005,49.292215739563716,49.01739485308602,49.14018630981445,567400.0
2007-05-22,49.37409245423052,49.70153644324908,49.3273134669165,49.49103546142578,372100.0
2007-05-23,49.84185596658342,50.14006635670185,49.812622452941135,49.9295654296875,401500.0
2007-05-24,49.94127834922403,50.09330337531501,49.70153937093513,49.79509735107422,527500.0
2007-05-25,49.68398163471665,49.8418550966777,49.602120660205216,49.64305114746094,258500.0
2007-05-29,50.16929248096394,50.28623543008727,49.90031566802271,49.993873596191406,517200.0
2007-05-30,49.83016725660223,49.86524926008604,49.44424737392462,49.74830627441406,949900.0
2007-05-31,50.05235689359777,50.14006635670185,49.75414650347934,49.9295654296875,384400.0
2007-06-01,50.14006583745558,50.40318976295433,50.08159434968792,50.29793930053711,410500.0
2007-06-04,50.63707245011041,50.824183859075035,50.35640756720741,50.473350524902344,567200.0
2007-06-05,50.26870240792881,50.42073183477553,50.03481201149268,50.10498046875,454900.0
2007-06-06,49.88278436265748,49.941260309667015,49.46763101320265,49.60211944580078,319400.0
2007-06-07,48.871216041568424,49.262979915038635,48.25725427006131,48.39174270629883,830400.0
2007-06-08,48.374201898039246,48.47360387329818,48.04675353676193,48.45021438598633,382500.0
2007-06-11,48.63148414377481,49.105113521233854,48.60809465318888,48.935543060302734,452300.0
2007-06-12,49.47349076407874,49.59628225079635,49.07587832376434,49.13434982299805,580500.0
2007-06-13,49.087552410384966,49.403303741012735,49.02323244704851,49.356529235839844,309500.0
2007-06-14,49.52610714996128,49.836014530513566,49.508566148646565,49.707374572753906,380700.0
2007-06-15,50.28624854285853,50.46166747337375,50.05820660984197,50.15176010131836,376800.0
2007-06-18,50.701420469493556,50.841752988594436,50.56693643983989,50.748199462890625,344400.0
2007-06-19,50.4441142461592,50.50259018805506,49.999727423149324,50.14590835571289,597600.0
2007-06-20,50.23363904676893,50.27456954674905,49.68984556926743,49.7015380859375,405600.0
2007-06-21,49.39745995839992,49.46762394704738,49.17526209811555,49.23958206176758,1119700.0
2007-06-22,49.65474162292719,49.730758568346,49.01739485308602,49.14018630981445,340200.0
2007-06-25,49.15187688692021,49.707367124823946,49.01154443634048,49.2278938293457,610600.0
2007-06-26,49.77753185450713,50.01727073632995,49.60211740396461,49.63719940185547,480400.0
2007-06-27,49.66059522772673,49.95295714371215,49.6255132253569,49.77169418334961,527100.0
2007-06-28,48.520381848052864,48.70164479462367,48.456061874542876,48.649017333984375,1236400.0
2007-06-29,48.941390360776744,48.94723884908672,48.5554748930183,48.713348388671875,650600.0
2007-07-02,48.97647076936553,49.32730418603213,48.97647076936553,49.28052520751953,333000.0
2007-07-03,48.98816001116148,48.98816001116148,48.789356057395956,48.912147521972656,306900.0
2007-07-05,49.204515044332766,49.23374856147139,48.695803666358024,48.76597213745117,586000.0
2007-07-06,48.6080969873153,48.64902748253384,48.415141487621845,48.60225296020508,541600.0
2007-07-09,49.0290796068146,49.52609384189793,49.0115386102133,49.262969970703125,464500.0
2007-07-10,49.33315678516909,49.47933775938734,48.90045788949875,48.98231887817383,357900.0
2007-07-11,49.44422986789725,49.62549723092564,48.96475665866022,49.186954498291016,403500.0
2007-07-12,49.43841343960311,49.81263642345285,49.34485546309575,49.65475845336914,868800.0
2007-07-13,49.92957138429228,50.24532281247035,49.841861910727964,50.128379821777344,408600.0
2007-07-16,49.98802653589168,50.292085350023086,49.98802653589168,50.09327697753906,444600.0
2007-07-17,49.894492906076685,50.216088383758866,49.80678342631265,50.01728439331055,345800.0
2007-07-18,49.98802426315391,50.19267665119481,49.4676205645267,49.71320343017578,861200.0
2007-07-19,49.26881836710132,49.742443118826685,49.25127737053188,49.56702423095703,363900.0
2007-07-20,50.34471897205464,50.40319046063166,49.71906467599446,49.8067741394043,573800.0
2007-07-23,50.25701084490679,50.37395828625891,50.011427909700444,50.08159637451172,432400.0
2007-07-24,49.85354348436793,49.98218341104085,49.25712281726401,49.356529235839844,582500.0
2007-07-25,49.356538515983424,49.455940492161304,48.783507224267005,49.15773010253906,587100.0
2007-07-26,48.19293340597559,48.41513129991134,47.04102683295641,47.339237213134766,1025600.0
2007-07-27,47.67837110771374,47.84209303019511,47.1872008791818,47.21059036254883,758200.0
2007-07-30,47.327554545250905,47.643305990929534,46.97671663154839,47.54389953613281,520600.0
2007-07-31,47.8362511330579,48.33911394199388,47.707611187364265,47.76023864746094,497700.0
2007-08-01,47.22815477665494,47.97075674322252,47.08197377894683,47.847965240478516,429300.0
2007-08-02,47.888895741393185,48.081855729029485,47.4328117423183,47.847965240478516,392400.0
2007-08-03,48.075994606324876,48.204634564277654,47.6316032409668,47.6316032409668,435200.0
2007-08-06,47.81872046167897,47.970749926797914,47.43280500233321,47.953208923339844,421200.0
2007-08-07,47.456184854432145,48.5028365109373,47.41524990655904,48.163700103759766,466700.0
2007-08-08,49.20450864231134,49.68398197967382,48.929687742648355,49.39746856689453,596900.0
2007-08-09,49.58457918236723,50.27455343309331,48.02336327245321,48.1695442199707,1636200.0
2007-08-10,48.76596493872952,49.22789726778608,47.94735074117469,48.52622604370117,887300.0
2007-08-13,48.32741270352495,48.50867561549906,48.04674337622501,48.13445281982422,360300.0
2007-08-14,48.12861646367896,48.350814371608536,47.356781195440206,47.415252685546875,397200.0
2007-08-15,47.81871834152505,48.268958228736956,47.31001141943809,47.39187240600586,475200.0
2007-08-16,46.6200232805608,46.77789671910914,45.19329600307986,46.18732452392578,1247600.0
2007-08-17,46.602495288449795,46.86562373276724,45.900828359115685,46.152259826660156,1241500.0
2007-08-20,46.98254845731224,47.0117864267813,46.146393386898254,46.49722671508789,1217700.0
2007-08-21,46.26918894802672,46.39198040077075,46.023606042538674,46.25164794921875,750600.0
2007-08-22,46.75452813203468,47.02934911186286,46.62004411706974,46.80715560913086,1461300.0
2007-08-23,47.76024320690557,48.06429763940846,47.51466026591222,47.8128662109375,603500.0
2007-08-24,48.36837240078525,48.6782754224329,48.210494414718134,48.63149642944336,498100.0
2007-08-27,48.783506773275185,48.783506773275185,48.2981849490036,48.45021438598633,393500.0
2007-08-28,48.23970900315505,48.36250045437796,47.4386358658382,47.50880432128906,332400.0
2007-08-29,48.064304603941544,48.38005605715213,47.72516811960972,48.356666564941406,358600.0
2007-08-30,48.22802173600735,49.46178486896998,48.15200478572989,48.912147521972656,627400.0
2007-08-31,49.37993015657629,50.16346247990639,49.233749185762164,49.947113037109375,509300.0
2007-09-04,48.98230242695355,50.09912683620669,48.970609915822436,50.011417388916016,558300.0
2007-09-05,49.96466011512113,49.9997465859234,49.485186650994365,49.78924560546875,442700.0
2007-09-06,49.8067768552546,50.37980818116816,49.485176958911964,50.180999755859375,752100.0
2007-09-07,50.216080355705735,50.403191800780384,49.795082950104316,50.08159637451172,743000.0
2007-09-10,49.85939550268521,49.87109247666949,48.99985528055682,49.42085266113281,578700.0
2007-09-11,49.9646520881885,50.373961467133746,49.958808061568426,50.21608352661133,797900.0
2007-09-12,50.27806410315232,51.01709553548171,50.27806410315232,50.97537612915039,706700.0
2007-09-13,51.12437321785062,51.195894146863594,50.832337381760716,51.070735931396484,360300.0
2007-09-14,49.92047169110417,50.599904663971834,49.87875228214123,50.105228424072266,614800.0
2007-09-17,50.10522603789637,50.492623129574305,49.79531109279861,49.962188720703125,267100.0
2007-09-18,50.504547022657796,51.66673843602055,50.34959180520266,51.54158020019531,825200.0
2007-09-19,51.24954025605638,51.446219434395275,51.03498197915484,51.12438201904297,521700.0
2007-09-20,51.34489507054417,51.452174195538035,51.04689800634725,51.213775634765625,313700.0
2007-09-21,51.79188491588036,51.8693625070217,51.62500730599203,51.69056701660156,359100.0
2007-09-24,51.696532989820746,51.85149274707336,51.33893739753172,51.36277770996094,395500.0
2007-09-25,51.35084415489439,52.14351270263725,51.28528445249165,52.0958366394043,750600.0
2007-09-26,52.32828445010725,52.52495904977872,52.006447086452766,52.34020233154297,591800.0
2007-09-27,52.89448166477554,52.96004138609784,52.03029195218087,52.32828903198242,434100.0
2007-09-28,52.39981112802954,52.50112905489901,51.76805870510804,52.28657531738281,288000.0
2007-10-01,52.828910334316014,53.424904362949604,52.811031240988775,53.12690734863281,363300.0
2007-10-02,52.960037849984246,53.28783643470885,52.870637822598056,53.26399612426758,310800.0
2007-10-03,53.377235191952686,53.3891576214424,52.91832169223893,53.043479919433594,384900.0
2007-10-04,54.10435824671897,54.372558392219226,53.81828354800912,54.0030403137207,322800.0
2007-10-05,53.687159858960165,54.01495394823531,53.68119864364244,53.90171813964844,275700.0
2007-10-08,53.26996389350428,53.58584466237774,53.09712501708964,53.329566955566406,301000.0
2007-10-09,53.16267005815524,53.51430892944336,52.805074519967,53.51430892944336,420300.0
2007-10-10,52.74548284123453,53.466635224827314,52.685884335009625,53.043479919433594,416700.0
2007-10-11,53.365303902505964,53.865936685510015,53.02558750058939,53.484500885009766,445200.0
2007-10-12,53.19844800549181,53.639482477122634,52.93620908053957,53.59776306152344,213000.0
2007-10-15,53.92555904320215,54.02091575395299,53.28784540948543,53.603721618652344,289600.0
2007-10-16,52.8944749919748,53.38318995931347,52.80507496989751,53.13287353515625,313400.0
2007-10-17,54.271232646352495,54.4500327325933,53.8957579217369,54.3069953918457,783100.0
2007-10-18,54.75994032248811,54.855301568139026,54.53942539930067,54.72418212890625,351000.0
2007-10-19,54.324873438120704,54.46791077609593,53.81827926635742,53.81827926635742,421700.0
2007-10-22,53.091147205088504,53.54409937626166,53.001747194673946,53.484500885009766,231400.0
2007-10-23,54.16990921074508,54.20566740552685,53.615634456254604,54.032833099365234,223100.0
2007-10-24,54.33678885154073,54.432150103905784,53.639476745151704,54.20566940307617,322000.0
2007-10-25,54.02687637887077,54.05667336130942,53.63947923056833,53.90171813964844,620800.0
2007-10-26,53.83018737644565,54.0924262376837,53.75270977974994,54.00898742675781,318600.0
2007-10-29,53.97920579617038,54.21164321899414,53.83616843145018,54.21164321899414,186900.0
2007-10-30,54.14606889853237,54.289106224734056,53.991109142687016,54.032833099365234,251500.0
2007-10-31,54.39637781042106,54.74205546894197,54.08646288879561,54.682456970214844,270300.0
2007-11-01,54.26527492622061,54.36063163584576,53.81827926635742,53.81827926635742,300700.0
2007-11-02,54.3248614307781,54.7122584931154,53.9374643684408,54.682456970214844,515500.0
2007-11-05,54.04476788877796,54.61692191964647,54.04476788877796,54.4381217956543,332200.0
2007-11-06,54.9446977408718,55.15925598144531,54.80165588244003,55.15925598144531,321600.0
2007-11-07,55.20097372103375,55.49897076316334,54.50961840069755,54.5334587097168,539800.0
2007-11-08,54.706298637365116,54.718216518576845,53.81230749304031,54.45598220825195,639000.0
2007-11-09,53.7109746717121,53.7944134582444,53.09114043813442,53.156700134277344,377700.0
2007-11-12,52.71567899218973,53.19843732961494,52.37000585248414,52.465362548828125,1718300.0
2007-11-13,53.514320275642525,53.997074127197266,53.26400380054562,53.997074127197266,636100.0
2007-11-14,53.901715467081246,54.056670681059195,53.305721282958984,53.305721282958984,622400.0
2007-11-15,53.26399744974497,53.621593021114236,52.77528244122295,53.00175857543945,396100.0
2007-11-16,53.29378734209631,53.29378734209631,52.67395297883697,53.22227096557617,327400.0
2007-11-19,52.68589871687802,52.92429735392876,51.76210570345984,52.11970138549805,536400.0
2007-11-20,52.90044888646152,53.57392072633971,52.882569787175164,53.389163970947266,528900.0
2007-11-21,52.6799230773954,53.16267688862118,52.0004901034204,52.441524505615234,901800.0
2007-11-23,53.05540325449801,53.37128400939558,52.69780763332296,53.23420333862305,180400.0
2007-11-26,53.585836853255636,53.883833931837884,52.608402252197266,52.608402252197266,386800.0
2007-11-27,52.53094033282092,52.882579355015245,52.107784900542,52.74549865722656,476300.0
2007-11-28,54.00900053021755,55.040068035558754,53.99111688318814,54.96855163574219,485600.0
2007-11-29,54.93276277167371,55.0996403546729,54.658606092878884,54.80164337158203,585500.0
2007-11-30,54.64073429504629,54.73013431132158,53.57390440752831,53.98514175415039,544900.0
2007-12-03,53.29379305428856,53.50835130099357,52.86467656087855,53.228233337402344,480800.0
2007-12-04,52.137572473648135,52.39385015099708,51.8991738940323,52.14949035644531,568100.0
2007-12-05,52.14948896527166,52.41768451826322,51.851491885470104,52.32828903198242,548600.0
2007-12-06,52.00049287192054,52.334248161937126,51.5534972311877,52.036251068115234,530300.0
2007-12-07,51.762088823005925,51.80976944428181,51.20185743777437,51.7978515625,829400.0
2007-12-10,51.851500086903904,52.203134514092504,51.64886422318341,52.113739013671875,422800.0
2007-12-11,52.11373275817155,52.26868797168404,51.285301208496094,51.285301208496094,494700.0
2007-12-12,52.745477453496974,52.930234168044386,51.803805691278,52.45344161987305,857300.0
2007-12-13,51.446211720201504,51.64289086904899,51.07669373270691,51.559452056884766,960200.0
2007-12-14,51.16609406481844,51.40449262117206,50.778696979128085,50.97537612915039,708300.0
2007-12-17,50.72506881879176,51.28530484497227,50.665470305747576,50.99922561645508,830900.0
2007-12-18,51.32105275470706,51.60117071164019,50.84425565179015,51.08861541748047,726500.0
2007-12-19,50.70121337394234,50.981331303440015,50.367458162833806,50.59989547729492,482800.0
2007-12-20,50.69525854189268,51.04689743821007,50.42110179153172,50.945579528808594,597500.0
2007-12-21,51.16011956603065,51.5892359466263,51.16011956603065,51.4521598815918,567000.0
2007-12-24,51.183984982133005,51.83958230028916,51.10054615019955,51.59522247314453,124000.0
2007-12-26,51.6011768876957,51.91705307367831,51.303179799474414,51.714412689208984,402500.0
2007-12-27,51.98856848460776,52.01836546201719,51.332971322561306,51.47601318359375,265300.0
2007-12-28,51.255491354341,51.893204843959715,50.86809428934106,51.38064956665039,417100.0
2007-12-31,50.89192835477498,51.61308056412599,50.89192835477498,51.15416717529297,290500.0
2008-01-02,51.43427573562721,51.493874216614536,50.48068185153947,50.69524002075195,726300.0
2008-01-03,50.50454088532887,51.142254417271786,50.468782692888404,50.84425735473633,713000.0
2008-01-04,50.55818934806613,50.70122668365121,49.82511447742714,49.87279510498047,781900.0
2008-01-07,50.808495987096535,50.96345572311181,50.37937951633056,50.66545867919922,1717700.0
2008-01-08,51.118412805342295,51.21973525980155,50.53434112400263,50.623741149902344,786100.0
2008-01-09,50.40919171763244,50.40919171763244,49.61651832161672,50.1111946105957,1281800.0
2008-01-10,49.1873995707155,49.813195286469686,49.103960748224914,49.61651611328125,1192300.0
2008-01-11,47.79872312131749,48.19208139444287,47.441127584796014,47.67356491088867,2283400.0
2008-01-14,48.710599831618836,48.710599831618836,47.98348630152114,48.15036392211914,568700.0
2008-01-15,47.7152945625374,47.7450960915957,46.8034241570825,46.93454360961914,821500.0
2008-01-16,48.376843705160006,48.579484079134794,47.53053310973901,47.90005111694336,1321100.0
2008-01-17,47.15505132010409,47.38748863804233,46.106100508976546,46.16569900512695,926200.0
2008-01-18,46.63654879652252,47.08950568740781,45.92135753476693,46.26107406616211,729000.0
2008-01-22,44.20489205243892,45.760437395376485,44.10357412210511,45.73064041137695,1035300.0
2008-01-23,44.17507825428164,45.593542380277135,43.74000062039803,45.486263275146484,1084400.0
2008-01-24,47.04180464791755,47.79275832990589,46.511370373715955,47.57223892211914,1062900.0
2008-01-25,47.72125038524181,47.72125038524181,46.785539771690964,46.994136810302734,604600.0
2008-01-28,46.91665364901029,47.26828796569929,46.284901393495076,47.155052185058594,542200.0
2008-01-29,47.119293382305706,47.59012927985851,46.666341127785294,47.32193374633789,576400.0
2008-01-30,47.22655919644944,47.64375768855922,46.672284642573146,46.964324951171875,633900.0
2008-01-31,47.22656897614664,48.323200432734644,47.041812268952704,48.1384391784668,1478600.0
2008-02-01,48.27552798041531,48.97284007105672,48.01925030431531,48.87748336791992,725900.0
2008-02-04,48.87151850399505,48.895358814767874,48.29340347220858,48.60927963256836,478500.0
2008-02-05,47.876214763693405,48.07289393929226,47.47093852931161,47.54841613769531,545800.0
2008-02-06,47.66164631466504,48.39471647146953,47.31596866415089,47.72124481201172,621800.0
2008-02-07,47.238502163052694,47.7272172313551,46.84514380347822,47.30406188964844,515300.0
2008-02-08,47.29213994052521,47.63185646039982,47.17294291663324,47.48881912231445,446200.0
2008-02-11,47.71527788727198,48.192074903126894,47.30404512184728,48.11459732055664,515200.0
2008-02-12,48.8059605572489,49.72379209347499,48.609281396541625,49.48539352416992,665900.0
2008-02-13,49.38406999315888,49.4377072779378,48.27552063698805,48.64503860473633,528000.0
2008-02-14,51.20186466410591,51.458137808715485,50.40919127504971,50.659507751464844,907300.0
2008-02-15,49.46750859687998,49.9264220373674,49.19931307994335,49.79530715942383,539800.0
2008-02-19,49.443666074975965,49.539027306020024,48.889391423985245,48.9847526550293,502500.0
2008-02-20,47.96562600525738,48.722536808790636,47.95370357221382,48.63313674926758,600200.0
2008-02-21,49.205275383040195,49.205275383040195,48.609281235291846,48.71656036376953,392800.0
2008-02-22,49.235072698887215,49.235072698887215,48.5735188876938,49.217193603515625,319300.0
2008-02-25,49.22314270481378,49.789339737974146,48.78210841416479,49.6999397277832,448800.0
2008-02-26,49.65227170250065,50.5045435278276,49.59267319629011,50.2721061706543,586900.0
2008-02-27,50.75487046672319,51.088625778205795,50.44495092285356,50.56414794921875,561900.0
2008-02-28,50.48666646843674,50.61778591563696,50.12310965468147,50.43302917480469,403100.0
2008-02-29,49.55691367764828,49.61055096768203,48.859601624762945,48.93111801147461,908900.0
2008-03-03,49.26487759322766,49.39599248394815,48.82383865754038,49.11587905883789,735400.0
2008-03-04,48.54371986820377,49.145675210186354,48.42452286152821,49.04435729980469,476500.0
2008-03-05,49.29484181485176,49.88032066641068,49.162052227282516,49.560420989990234,743800.0
2008-03-06,49.554382975390126,49.58456410112457,49.04133607285735,49.107730865478516,411900.0
2008-03-07,48.72144775718862,49.24053192684603,48.57055130333459,48.697303771972656,455900.0
2008-03-10,48.926663945709535,49.09566723453847,48.407579784309696,48.51019287109375,366600.0
2008-03-11,49.40952375766208,49.51816936343605,48.769724415322735,49.31898498535156,523300.0
2008-03-12,49.41557083623695,49.88636702088875,49.270706929425494,49.433677673339844,429000.0
2008-03-13,49.78978042247941,49.8984260268287,49.25258954680599,49.81996154785156,605200.0
2008-03-14,49.632855075195025,49.70528241336801,48.54036180615275,48.721439361572266,638600.0
2008-03-17,47.70740738879482,48.14198976681407,47.31507581947229,47.75569534301758,910500.0
2008-03-18,49.29485168744326,49.66907654508738,49.017202769188955,49.55439376831055,583600.0
2008-03-19,49.101704379892126,49.29485165354466,47.894532768315216,47.900569915771484,645900.0
2008-03-20,48.1359665069013,48.588655847091594,47.773815955747885,48.504154205322266,479200.0
2008-03-24,48.31702240909363,49.46383120576813,48.31702240909363,49.23447036743164,481000.0
2008-03-25,49.21638944630301,49.988978576856624,48.715412098992815,49.94672775268555,705600.0
2008-03-26,50.80985258787197,50.90642392081821,50.10365831041084,50.731388092041016,622800.0
2008-03-27,50.94264141313413,50.94264141313413,50.2786979675293,50.2786979675293,850500.0
2008-03-28,49.97689811856126,50.09761341732852,49.554385362888915,49.56645965576172,1092800.0
2008-03-31,48.878378321784815,49.20431058946437,48.8119835178146,49.083595275878906,906000.0
2008-04-01,49.928602952491964,51.06937939970739,49.90445897522373,51.0090217590332,1159500.0
2008-04-02,50.646879593106895,51.015062642932236,50.532196833575036,50.707237243652344,1046000.0
2008-04-03,50.815878419855245,51.30478133307854,50.79173444074638,51.23234939575195,1100500.0
2008-04-04,51.47982416399214,52.0230522071652,51.40135968192012,51.9023323059082,1125100.0
2008-04-07,51.799726014591215,51.87215795838115,51.09353183136523,51.262535095214844,530500.0
2008-04-08,51.021106719347195,51.23236082744633,50.85210343286789,51.22029113769531,327700.0
2008-04-09,50.70117873468191,50.99090178221926,50.53217554236496,50.670997619628906,354500.0
2008-04-10,51.15390090282518,51.461730976417655,50.701211514304596,51.1176872253418,326000.0
2008-04-11,50.387348980246145,50.4839203220247,49.92258529514086,49.96483612060547,457400.0
2008-04-14,50.87020949116725,51.02714308549289,50.616704565329464,50.70120620727539,352400.0
2008-04-15,50.5925674575523,50.5925674575523,50.13987805488809,50.38131332397461,260700.0
2008-04-16,50.019150611730375,50.52012326291584,49.92257468548175,50.471839904785156,493000.0
2008-04-17,50.091568866916006,50.532188391776636,49.92256563162462,50.411468505859375,604500.0
2008-04-18,50.652915901200025,50.76759866925965,50.01311646885453,50.16401290893555,473700.0
2008-04-21,49.71131528983987,50.26057584544391,49.554381728955946,50.25454330444336,458900.0
2008-04-22,49.705286426258745,50.18211972936601,49.68717959025367,49.898433685302734,238100.0
2008-04-23,49.07151729396563,49.6751029698816,49.03529902201526,49.463844299316406,337500.0
2008-04-24,49.17414240536501,49.90448076793643,48.85424262560176,49.7475471496582,359200.0
2008-04-25,49.60266336342696,49.63284448455468,49.20429466850523,49.45176696777344,533600.0
2008-04-28,49.14394607860952,49.433669237798846,48.9628731334854,49.19223403930664,435400.0
2008-04-29,48.425682798231456,48.51018442793848,48.027314025332515,48.202354431152344,527400.0
2008-04-30,49.41557083623695,49.87429272615737,49.37332001466549,49.433677673339844,653900.0
2008-05-01,49.14394697364085,50.067432365073586,48.9930505474592,49.976898193359375,546100.0
2008-05-02,49.88635707338685,49.95275186618755,49.35519873098122,49.71735382080078,410200.0
2008-05-05,49.620771884602696,50.12174904043806,49.620771884602696,49.93463897705078,241800.0
2008-05-06,49.10169533409065,49.59663541945665,48.97494289082545,49.536277770996094,444200.0
2008-05-07,49.04738005074613,49.656998351554186,48.890446464055806,48.92062759399414,470800.0
2008-05-08,48.92061230256235,48.92061230256235,48.43774200444628,48.79989242553711,533800.0
2008-05-09,48.67315828071274,49.25863724034959,48.58261949020291,49.10170364379883,540300.0
2008-05-12,49.40952387885304,49.86221313652272,49.35519877333618,49.80788803100586,271000.0
2008-05-13,48.86629789330122,48.999087484572726,48.31100015252351,48.757652282714844,605800.0
2008-05-14,48.220455912963224,48.46792823320285,48.05145267230832,48.184242248535156,1278200.0
2008-05-15,47.65912714688212,48.29289398488327,47.568588369311456,48.19028091430664,1482700.0
2008-05-16,48.48000343269841,48.98701781731237,48.40757149061257,48.89044189453125,335100.0
2008-05-19,48.65503987200512,48.685220996661826,48.24460144363653,48.26874542236328,1262400.0
2008-05-20,48.238565816407835,48.347211421602175,47.97902379316543,48.274784088134766,617600.0
2008-05-21,47.84622867795866,47.93676743932081,47.447864574954984,47.58065414428711,1177600.0
2008-05-22,47.11590347524169,47.526341980799515,47.085726949902906,47.32112503051758,1266900.0
2008-05-23,47.10988536488813,47.55050053076349,46.99520256048437,47.35735321044922,570100.0
2008-05-27,46.39159628787604,46.83221126074797,46.36745230778817,46.717533111572266,902400.0
2008-05-28,46.89257743447909,47.351299279525506,46.85635915882215,47.28490447998047,1035500.0
2008-05-29,47.40562211795355,47.56255569162715,47.17022405993988,47.4901237487793,646500.0
2008-05-30,47.30903933355415,47.562548794261794,47.18228690569675,47.45390319824219,420700.0
2008-06-02,46.868434109964895,46.940861452307516,46.439888782793815,46.49420928955078,753000.0
2008-06-03,47.18832456998356,47.248682211770586,46.50023732262712,46.62095260620117,698000.0
2008-06-04,46.464023697808464,46.952926583187164,46.40366145097755,46.808067321777344,1277400.0
2008-06-05,47.423721525099076,48.045413970947266,47.3030062442521,48.045413970947266,758300.0
2008-06-06,47.00121453603039,47.35732784634984,46.75374221801758,46.75374221801758,607800.0
2008-06-09,47.50220876039552,47.50220876039552,46.75980067793548,47.0797004699707,432800.0
2008-06-10,46.74168245865953,46.971043388340085,46.62699969132232,46.814109802246094,338300.0
2008-06-11,46.22259294890443,46.50627895818367,46.17430498881576,46.252769470214844,454600.0
2008-06-12,45.625034215336726,45.6733221695105,45.26892091453888,45.28099060058594,3487700.0
2008-06-13,45.41379547540606,46.16827774489045,45.30514984440054,46.03548812866211,607900.0
2008-06-16,45.41982049063637,45.71557617187501,45.1783853078935,45.715576171875,667100.0
2008-06-17,45.74576795713598,45.85441358443928,45.25082778941967,45.38361740112305,618600.0
2008-06-18,44.98524626970765,45.10596618554584,44.79209900936049,44.99128341674805,538500.0
2008-06-19,44.53255689525996,44.64723966392566,43.66339192220182,44.248870849609375,1069400.0
2008-06-20,44.085897103424806,44.3816527870539,43.82031793976179,44.18246841430664,1200900.0
2008-06-23,44.230756520455834,45.06370768019254,44.170398875328296,44.792091369628906,1454300.0
2008-06-24,43.75996708556593,44.25490721874775,43.71771626706238,44.073829650878906,853300.0
2008-06-25,43.796183036077245,44.810207337921085,43.796183036077245,44.586883544921875,698800.0
2008-06-26,44.96713478755945,45.0576735638351,44.40579990064253,44.5506591796875,951200.0
2008-06-27,44.17644424358683,44.460130293979184,43.77203827547751,43.88068389892578,389600.0
2008-06-30,44.89470897932524,45.06974940937499,44.48427046179334,44.586883544921875,751800.0
2008-07-01,43.367627052402035,44.09796511981422,43.27708828594749,43.68752670288086,1110300.0
2008-07-02,43.33746184606321,43.44610747317011,42.55883561929616,42.589012145996094,1148400.0
2008-07-03,43.2891639461904,43.39177240241978,42.73386624836811,43.15033721923828,639800.0
2008-07-07,42.03974766481989,42.59504543979821,41.94920888292275,42.31135940551758,1119400.0
2008-07-08,42.160457006460824,42.83043745072971,42.02766742579592,42.739898681640625,1007000.0
2008-07-09,42.89079439991546,43.49438004406847,42.89079439991546,43.02962112426758,826700.0
2008-07-10,42.8304420094318,42.85458599075822,42.395859555543446,42.691619873046875,585500.0
2008-07-11,41.979393010868016,42.34154355933465,41.44220203289379,41.659488677978516,965700.0
2008-07-14,41.97938770087642,42.38378901876137,41.96731340795818,42.17253494262695,1023100.0
2008-07-15,41.91298919128177,42.92097612595285,41.68966084201619,42.45018005371094,1070700.0
2008-07-16,42.51055212044962,43.86258315161337,42.38379964299626,43.70565414428711,1203300.0
2008-07-17,44.62912526728525,44.84641647373889,44.32129529064372,44.792091369628906,878400.0
2008-07-18,44.37561722012329,44.42994232598434,44.09796835959263,44.39976119995117,908700.0
2008-07-21,43.609068343571025,44.152296413486205,43.397814262213345,43.81428527832031,1029000.0
2008-07-22,42.81836956312168,43.983290108369914,42.794225583350496,43.92292785644531,685600.0
2008-07-23,43.79617243864784,44.26696849969284,43.75392162816926,44.16436004638672,644300.0
2008-07-24,43.93500201346806,43.947071700819826,43.361592856903954,43.42195510864258,846500.0
2008-07-25,43.18656385744572,43.20467069381878,42.776125348011796,42.90287780761719,446400.0
2008-07-28,42.878719949579036,42.9692587071421,42.51053237915038,42.51053237915039,463700.0
2008-07-29,42.323439027012974,42.54676283147961,42.148398587975095,42.51658630371094,718200.0
2008-07-30,42.401894451561,42.78818892229319,42.37171332525651,42.72179412841797,519700.0
2008-07-31,42.26307450287675,42.637299346164845,42.214791140028346,42.48036575317383,570300.0
2008-08-01,42.40793299410523,42.57089910853251,41.94920656813465,42.051815032958984,705500.0
2008-08-04,42.89684371838812,43.12017212789505,42.7097335892031,43.005489349365234,409200.0
2008-08-05,43.8203209883565,44.345442206224924,43.6573548752213,44.33940505981445,549400.0
2008-08-06,44.12212896137266,44.737789166435526,43.99537647327031,44.67139434814453,453800.0
2008-08-07,44.780026165755785,44.786058707377286,44.13418962774757,44.21265411376953,334100.0
2008-08-08,45.16631351680457,46.26483917236328,45.09991872951864,46.26483917236328,627200.0
2008-08-11,46.08981324445664,46.45800096034695,45.908735657791325,46.10188293457031,603700.0
2008-08-12,45.866485585183966,45.926843246728296,45.474153877654246,45.57676696777344,372200.0
2008-08-13,44.87660370341142,44.99732362746892,44.381663527261274,44.894710540771484,456300.0
2008-08-14,44.04364785872487,44.53858793271315,44.007434191479696,44.39976119995117,980500.0
2008-08-15,44.55669789914947,44.96109922846528,44.44201513815194,44.90074157714844,370900.0
2008-08-18,44.55065236964555,45.027485553814415,44.333361181796626,44.72569274902344,423600.0
2008-08-19,44.580835645206434,44.61704930993265,44.122109270371446,44.297149658203125,425200.0
2008-08-20,44.01950914429031,44.32130202074781,43.759967086337106,44.26094436645508,318900.0
2008-08-21,43.91085819454381,44.3937285802612,43.669423001685125,44.05571746826172,374000.0
2008-08-22,44.442015114405834,44.810202773733536,44.41183859126035,44.70155715942383,362100.0
2008-08-25,44.76192013834615,44.93695594839919,44.442015831885364,44.520484924316406,352900.0
2008-08-26,43.41593090654041,44.06176758975206,43.3917869196453,43.70565414428711,389300.0
2008-08-27,43.74185793899402,44.10400845060628,43.5607803806911,43.81428527832031,332900.0
2008-08-28,43.86860748360084,44.6351592723493,43.6935670834944,44.53255081176758,491700.0
2008-08-29,44.59895022429882,45.30514443908214,44.52651827727215,44.90678024291992,535400.0
2008-09-02,45.25685803340792,45.576757719172605,45.03352966551868,45.081817626953125,683700.0
2008-09-03,44.1824683839688,44.41183388151778,43.80824822269311,44.158329010009766,730200.0
2008-09-04,44.315261703996065,44.411837627951535,43.55474702531756,43.61510467529297,582700.0
2008-09-05,43.48231658198404,43.79617913567689,42.88476799813003,43.36763381958008,898700.0
2008-09-08,44.24887161554372,44.66534727317546,44.14626313916877,44.611026763916016,447100.0
2008-09-09,44.94903870347203,45.763878674846,44.84039306695586,45.13011169433594,722700.0
2008-09-10,45.23674610945788,45.84080883479801,45.00252020104911,45.48946762084961,1264400.0
2008-09-11,44.63267375506921,45.42164993286133,44.58336156828996,45.42164993286133,739700.0
2008-09-12,45.520276715668146,46.43869400024414,45.28605084587559,46.43869400024414,552200.0
2008-09-15,45.55109327157974,46.087348047094856,45.082636878085474,45.267555236816406,635300.0
2008-09-16,44.984019919493456,45.64355520822747,44.762119756679255,45.409324645996094,947300.0
2008-09-17,45.00867136002856,45.16893363393286,44.15189200374975,44.58952713012695,935400.0
2008-09-18,43.116374943759936,44.3861384883833,43.042411331325404,44.108760833740234,1768700.0
2008-09-19,47.48039042015309,47.819405869245315,45.71135899307978,46.57429885864258,1741100.0
2008-09-22,45.86545759903993,45.86545759903993,44.42310647068278,44.552547454833984,698500.0
2008-09-23,45.057982113486574,45.24290047767615,44.1333996978774,44.31215286254883,400700.0
2008-09-24,45.37233381902519,45.37233381902519,44.392274177956644,44.60184860229492,679300.0
2008-09-25,45.92709973963582,46.37706062578499,45.53261155068169,45.71136474609375,825800.0
2008-09-26,45.08265029415248,45.3908445153062,44.68816206728936,45.06415939331055,630800.0
2008-09-29,44.071766627656174,44.071766627656174,41.29801907766383,41.661685943603516,1711200.0
2008-09-30,42.33972269458362,42.74653661235148,41.51992495533941,42.44450759887695,1262200.0
2008-10-01,41.77263442706337,43.48619790895032,41.60621164963948,43.20882034301758,1804300.0
2008-10-02,41.60004462905153,42.086991945441525,41.42129145954107,41.77263259887695,1819100.0
2008-10-03,40.22551826989476,41.10078888617345,39.72007984473806,40.04059982299805,1544200.0
2008-10-06,37.87090164056556,38.012670687377046,35.547117140043305,37.593528747558594,3238000.0
2008-10-07,40.01593068694082,40.21317477149246,37.291495299486854,37.63050842285156,1876300.0
2008-10-08,37.66749803191168,38.36401762909981,36.30528014067508,36.55183410644531,2397000.0
2008-10-09,37.96336593469954,37.96336593469954,34.75198257257473,35.15263366699219,2102900.0
2008-10-10,34.622533412203055,35.84298444685536,32.896646456542285,35.004695892333984,3542400.0
2008-10-13,36.0957010979821,38.887939453125,35.92927596835086,38.887939453125,2113400.0
2008-10-14,38.80164047521624,39.32556954269206,37.784598930898994,38.46262741088867,1775800.0
2008-10-15,37.87089201498712,37.97567923680947,35.48547022261404,35.53478240966797,1549400.0
2008-10-16,36.54565664959579,36.816866608943066,34.869080006597876,36.39155960083008,1967600.0
2008-10-17,34.961547517184826,37.50722967715826,34.961547517184826,36.40389633178711,1239700.0
2008-10-20,37.50722160415206,39.03586643274822,37.06958653976687,38.99888229370117,1223900.0
2008-10-21,38.01266296927161,38.7708226003146,37.562699820404106,37.62434005737305,922800.0
2008-10-22,36.286787546952496,36.50252491616824,34.62253825463036,35.33755111694336,1494900.0
2008-10-23,34.11094178229843,35.306734699373706,33.59933816718743,34.708839416503906,2121000.0
2008-10-24,31.910426960673952,35.528626120783336,31.910426960673952,35.04784393310547,2030700.0
2008-10-27,33.482222485849796,35.288240944109305,33.482222485849796,34.110939025878906,1144000.0
2008-10-28,35.91078152512356,36.98329820773518,34.110928807654474,36.94015121459961,1396700.0
2008-10-29,36.927811939209285,38.246882131368096,36.71207703912128,37.32229995727539,1096500.0
2008-10-30,38.444142449192135,38.83246778542016,37.26684074213201,38.42565155029297,939800.0
2008-10-31,37.19903254985898,38.764659378729405,37.137394661079874,38.333187103271484,635200.0
2008-11-03,38.43797625878934,39.09134637733995,37.99417591310603,38.887939453125,543200.0
2008-11-04,38.579745380616195,39.44268997670515,38.33318910992368,39.239280700683594,823200.0
2008-11-05,38.39483200190862,39.10984241463965,37.25451211046002,37.35313415527344,1068100.0
2008-11-06,37.038775600253246,37.25451057962558,35.02318543782556,35.232757568359375,1949000.0
2008-11-07,35.90461573503629,36.354578877538394,35.571765514116514,36.28061294555664,2735900.0
2008-11-10,37.21752496063762,37.43942511738802,36.41005546831471,36.84769058227539,740200.0
2008-11-11,35.59642650600456,36.02173361258275,34.99852906594407,35.38069152832031,1193600.0
2008-11-12,34.28968433768055,34.62869745762781,33.06923569506944,33.08772659301758,1407500.0
2008-11-13,33.013765321566964,34.696505461680545,32.126164473095436,34.653358459472656,1378000.0
2008-11-14,33.75342800325851,34.74581371093547,33.35893980050535,33.59933090209961,1114800.0
2008-11-17,34.24036497635032,34.72114938440916,33.734926826631224,33.93217086791992,1104800.0
2008-11-18,33.80273795873162,34.79512360048373,33.64247801876001,34.363651275634766,918700.0
2008-11-19,34.714987857853174,35.19576996543759,33.198673248291016,33.198673248291016,919000.0
2008-11-20,32.10150834172095,32.50832458331718,30.837910266589624,30.9735164642334,1754400.0
2008-11-21,32.28026127536639,32.32957347818527,30.29549213861189,32.02754211425781,1638600.0
2008-11-24,33.01991799748946,34.499250721585554,32.69939582889082,34.117088317871094,1347500.0
2008-11-25,34.61021029286466,34.72116039519088,33.321958417041515,34.03080368041992,1178500.0
2008-11-26,33.22332347393558,34.72114692282463,33.17401129144221,34.61635971069336,814400.0
2008-11-28,34.42528923057382,34.82594260819323,34.08627610023009,34.745811462402344,371900.0
2008-12-01,33.796569156569184,33.802732004533105,32.156974140683374,32.1939582824707,1392600.0
2008-12-02,32.41586651519255,32.81035472063948,31.86728120753445,32.687076568603516,1047900.0
2008-12-03,31.756332529642727,33.192516363948265,31.65154527274667,33.100059509277344,1166000.0
2008-12-04,33.16169807008242,33.61782655671195,32.366556406932,32.68091583251953,679400.0
2008-12-05,32.773362397152,33.186343750789774,31.534423038907867,33.07539367675781,1238500.0
2008-12-08,34.33898925441931,34.850592636686805,33.7472570916531,34.369808197021484,1177900.0
2008-12-09,34.37597971846235,35.18961217973548,34.05545748351611,34.4129638671875,877500.0
2008-12-10,34.79512751691791,35.004699678214216,34.160245831950576,34.653358459472656,706100.0
2008-12-11,34.54240023888004,35.00469145508132,33.95683089475814,34.2526969909668,743900.0
2008-12-12,34.474602860407906,34.93689415317075,33.975327417743394,34.80745315551758,875100.0
2008-12-15,35.054009571253545,35.22659993162269,34.6410304492553,34.973880767822266,615300.0
2008-12-16,35.325219764212356,36.668946653429884,35.115647615857284,36.53334045410156,761200.0
2008-12-17,35.69505135971397,36.03406450194172,35.05400687358526,35.812164306640625,749200.0
2008-12-18,35.38685487814988,35.91078403213555,34.375978366113806,34.64102554321289,1039900.0
2008-12-19,34.73965005636541,35.479316595052985,34.641028007962746,34.80745315551758,738900.0
2008-12-22,34.653343669581666,34.733472438720426,33.926005440880076,34.29583740234375,1048000.0
2008-12-23,35.473148488307736,35.473148488307736,34.3451590490698,34.4992561340332,883100.0
2008-12-24,34.97387816351755,34.97387816351755,33.9938205327176,34.197227478027344,325100.0
2008-12-26,34.94306326488207,34.94306326488207,34.11710257973275,34.33283996582031,426800.0
2008-12-29,34.36364071185772,34.39445965030105,33.78423667458656,34.05544662475586,654600.0
2008-12-30,33.673289494218565,34.332824708900645,33.673289494218565,34.302005767822266,848100.0
2008-12-31,34.511589442479895,35.220434730537036,34.32050818152435,34.973880767822266,808900.0
2009-01-02,34.73348084611153,35.62108153060681,34.61020506334037,35.43000030517578,509200.0
2009-01-05,35.28823108097126,36.14501046375419,35.25124693554123,36.021732330322266,720800.0
2009-01-06,34.776633636457355,35.738200421143524,34.65335783314022,35.48548126220703,1086300.0
2009-01-07,35.639575215687316,35.83065645606581,35.16495589061944,35.38685607910156,566100.0
2009-01-08,35.664229682353266,35.81216156701383,35.01085719632019,35.732032775878906,676300.0
2009-01-09,35.54095166547737,35.54095166547737,34.77046623884863,34.8505973815918,702500.0
2009-01-12,34.332824708900645,34.634853623337,34.15407155877779,34.302005767822266,1094200.0
2009-01-13,33.568509585805856,34.11709485104676,33.3835935477174,33.66096878051758,957400.0
2009-01-14,33.00143011251205,33.36509930319288,32.66857986653269,32.952117919921875,982000.0
2009-01-15,32.98293698529175,33.40824641826629,32.29874794561075,33.211002349853516,948000.0
2009-01-16,33.96299982303964,33.99998397343707,32.81651937674106,33.36510467529297,881400.0
2009-01-20,32.68706694010308,32.88431098472515,32.039859771728516,32.039859771728516,973100.0
2009-01-21,31.984387345372195,32.576119527490924,31.306361180611322,32.5576286315918,1187100.0
2009-01-22,31.022827447927796,32.05219488581211,30.979678099276384,31.873441696166992,1245200.0
2009-01-23,30.868724440995685,31.928910623582816,30.837903147675295,31.639209747314453,910000.0
2009-01-26,31.8611042840236,32.40969174117477,31.71317243707724,32.101497650146484,591800.0
2009-01-27,32.169304004453835,32.754873350144955,32.02137213162044,32.52064514160156,662500.0
2009-01-28,33.30963135971555,33.58084142274585,32.97061819309387,33.278812408447266,1037700.0
2009-01-29,33.044587544369314,33.33429088901889,32.742556147677675,32.90898132324219,671800.0
2009-01-30,33.88903317366136,34.02463937098275,33.365103986195244,33.494544982910156,1186000.0
2009-02-02,32.23711061270461,32.7733678251183,32.00904757890442,32.6069450378418,1438100.0
2009-02-03,33.100047862497405,34.468428111090006,32.75486961304402,34.283512115478516,1338700.0
2009-02-04,34.252704930543516,34.70266820311812,33.84588866004215,34.073951721191406,1956100.0
2009-02-05,33.858211585599214,34.52390976777111,33.636311407763614,34.27119064331055,2291100.0
2009-02-06,33.66097165726828,34.493095075449155,33.54385635377979,34.25886917114258,1280600.0
2009-02-09,34.326662804659826,34.39446589234088,33.83971784568029,33.96299362182617,654400.0
2009-02-10,33.4144114181301,33.51303345868641,31.830293569068516,32.0337028503418,1574000.0
2009-02-11,32.193960500816004,32.58228578666963,31.928913344746757,32.53913879394531,812700.0
2009-02-12,30.80092767215171,31.368003845214847,30.634502529708822,31.368003845214844,1868900.0
2009-02-13,30.899548416165953,31.220070637964124,30.733123280732194,30.9488582611084,1100600.0
2009-02-17,30.46807297190602,30.55436695518533,29.956469569129148,30.17220687866211,1171300.0
2009-02-18,30.523546274079568,30.523546274079568,29.84551779156818,30.32013702392578,1066200.0
2009-02-19,31.195416371618748,31.435807464249397,30.745453135173037,31.121450424194336,1637600.0
2009-02-20,30.535887937603466,31.00434217963459,30.357134701941536,30.696147918701172,1091200.0
2009-02-23,31.041318210046654,31.04748105906407,29.55582235534037,29.617460250854492,935100.0
2009-02-24,29.59897524847329,30.153723472609162,29.27845295501602,30.024282455444336,874500.0
2009-02-25,29.555836776954152,29.783899923240597,29.278461409126773,29.340099334716797,1277100.0
2009-02-26,29.642116416451103,29.796213506918964,28.840812016285227,28.908615112304688,1496300.0
2009-02-27,28.360021095005045,29.148999619056543,28.255236225774897,28.6558895111084,1771500.0
2009-03-02,28.372353252597527,28.446321543008143,27.58337696556276,27.688161849975586,1171100.0
2009-03-03,27.65734182420177,27.76212905585588,26.874528416281162,27.02862548828125,1264400.0
2009-03-04,27.676445024079904,28.15351582679053,27.506958682507868,27.85848617553711,912800.0
2009-03-05,28.05307880532252,28.109574250626252,27.08638242230373,27.268421173095703,1167600.0
2009-03-06,27.657614574820883,27.80826750736804,26.552815228077517,27.155431747436523,1152500.0
2009-03-09,25.73677044609148,26.427268207542834,25.692829810067398,25.82465171813965,1138700.0
2009-03-10,26.238950183169642,27.20564894015745,26.238950183169642,26.759963989257812,1361400.0
2009-03-11,26.829014494067927,26.99222222600309,26.640694748916157,26.741130828857422,1213300.0
2009-03-12,26.307997966015748,27.481844978079476,26.04435418136835,27.475568771362305,1683300.0
2009-03-13,26.973390130955618,27.33119380110333,26.665803301478405,26.86039924621582,1972000.0
2009-03-16,27.64505773303476,28.178623954687225,27.393966337795355,27.75177001953125,1214700.0
2009-03-17,27.663890214194737,27.86476238318712,27.463018045202354,27.85848617553711,1143900.0
2009-03-18,27.362579528865027,28.097017882485723,26.973390035354527,27.940086364746094,988000.0
2009-03-19,27.4692910865586,27.506955511872647,26.860398442116466,26.92317008972168,1291100.0
2009-03-20,26.609312877353485,26.929454576020017,26.213844706182932,26.364500045776367,1499300.0
2009-03-23,27.431636814092453,27.921262508727523,27.211931196166955,27.90243148803711,1239000.0
2009-03-24,28.297890597556385,28.649415642017857,28.015413404982155,28.266502380371094,1001200.0
2009-03-25,27.783155608348103,28.291614601808373,27.111488885583608,27.732938766479492,1807500.0
2009-03-26,27.87731741208961,28.04680375499321,27.431632433297818,27.914981842041016,1614600.0
2009-03-27,27.833372889664577,27.86475871295091,27.400242781309657,27.55089569091797,1093100.0
2009-03-30,27.45674540879668,27.48185263724752,27.023612792469727,27.255870819091797,674300.0
2009-03-31,27.971473118673693,28.461098662105076,27.76432237670823,28.090740203857422,1256600.0
2009-04-01,28.05935685200778,28.75613319876847,27.93381115441923,28.636863708496094,927200.0
2009-04-02,29.396408164039048,29.798152399512585,29.33363413063098,29.465456008911133,1103800.0
2009-04-03,29.64749756809399,29.678883387986566,29.24575332646605,29.653776168823242,868700.0
2009-04-06,29.703995045732686,29.716549853470553,29.026052189980916,29.34619140625,625600.0
2009-04-07,29.660049757362973,29.791871626028787,29.252026951015242,29.446622848510742,718700.0
2009-04-08,29.082546819872636,29.18925909080397,28.624304731212607,28.887950897216797,885700.0
2009-04-09,28.479939952924983,28.906794004397458,28.247681905519144,28.586654663085938,1080800.0
2009-04-13,28.81890954387486,29.226932528844237,28.54271087986484,29.044891357421875,564100.0
2009-04-14,28.875400749846296,29.08882772073726,28.718469224031914,28.969560623168945,690500.0
2009-04-15,29.421523862622024,30.011587973802172,29.346197395406445,29.911151885986328,695900.0
2009-04-16,29.961359733427788,30.181065255811678,29.534505889773683,30.093181610107422,600800.0
2009-04-17,29.540779453413126,29.760482543751547,29.283411949909222,29.666322708129883,800200.0
2009-04-20,28.59292662969961,28.869127677663215,28.51132155692988,28.65570068359375,1049900.0
2009-04-21,28.768689201511478,29.578454075653035,28.756134391773262,29.39013671875,1010000.0
2009-04-22,28.567802283473046,29.113925495230543,28.530140265133962,28.7686767578125,1198000.0
2009-04-23,28.693359605201202,28.9758368305841,28.492487443725597,28.969560623168945,1094500.0
2009-04-24,28.938178127969252,29.264596053597558,28.881682671714632,29.113943099975586,986300.0
2009-04-27,28.806347294315806,29.095100695026805,28.618029963181883,28.774961471557617,712700.0
2009-04-28,28.486207608293153,28.887951880078017,28.4548217860446,28.699634552001953,710600.0
2009-04-29,29.35875220570658,30.080635838575073,29.28970194634846,29.911151885986328,1145500.0
2009-04-30,29.999023918894405,30.388213339923627,29.973914306032007,30.036685943603516,903300.0
2009-05-01,30.388221135413673,30.57026228348834,30.275230243131816,30.54515266418457,675000.0
2009-05-04,30.601649049004756,31.072443649758675,30.488658153257,31.05988883972168,586600.0
2009-05-05,31.675054850427752,31.80687674182485,31.172874506116358,31.317251205444336,719600.0
2009-05-06,32.7861242294604,32.7861242294604,32.026576447558284,32.560142517089844,1093500.0
2009-05-07,33.32598172954985,33.47663706066037,32.892851543808135,33.02467346191406,992600.0
2009-05-08,32.96817827785296,33.44524910680936,32.855187377255476,33.36992263793945,926100.0
2009-05-11,32.74846260085178,33.012108752593264,32.64175033569336,32.64175033569336,996500.0
2009-05-12,32.97445843214028,33.48919375442636,32.830081685117165,33.31970977783203,761400.0
2009-05-13,33.22554433452033,33.33853522976619,32.83635480344304,32.867740631103516,522600.0
2009-05-14,32.55387821236436,33.2067139768527,32.54759960995638,33.037227630615234,618600.0
2009-05-15,32.961886244409804,33.26319678628602,32.7107973189587,32.8614501953125,475800.0
2009-05-18,33.36364838657229,33.80305480957031,33.31342914132371,33.80305480957031,532200.0
2009-05-19,33.721452127919484,34.072977266317906,33.50802512478384,33.80305480957031,973600.0
2009-05-20,33.90976098566819,34.229900212616265,33.75910568237305,33.75910568237305,835300.0
2009-05-21,33.6775057707847,33.97881400739007,33.55196007355288,33.84071350097656,769100.0
2009-05-22,33.90349000718108,34.16713624857977,33.696341612482776,33.834442138671875,618800.0
2009-05-26,33.558245738345875,34.185972006827846,33.558245738345875,33.98509979248047,714900.0
2009-05-27,33.884648207156175,34.08552032974728,33.3761892998936,33.40757751464844,605400.0
2009-05-28,33.759107769409624,33.959979923164816,33.34480865296642,33.671226501464844,589100.0
2009-05-29,34.15458506953328,34.368012089709424,33.8532767577409,34.24874496459961,569900.0
2009-06-01,34.59398866252281,34.95806858594755,34.46844295305091,34.79486083984375,683600.0
2009-06-02,34.7132512258332,35.278205647216446,34.63792476784374,35.221710205078125,469000.0
2009-06-03,34.63164020478357,34.801126502023685,34.16712433345987,34.42449188232422,670000.0
2009-06-04,34.12318268783387,34.51865070290841,34.091796869561,34.43076705932617,564000.0
2009-06-05,34.27384386706291,34.37427994659056,33.68378219916108,33.89720916748047,744700.0
2009-06-08,33.74655743987268,34.21735206171267,33.55824007005374,34.02275848388672,382200.0
2009-06-09,34.14202018442558,34.52493346600026,34.11063436019165,34.33033752441406,451200.0
2009-06-10,34.46215838041521,34.55631584372611,34.01019489385197,34.336612701416016,517600.0
2009-06-11,35.158946740123454,35.69251549743689,35.08362025946927,35.46653366088867,793900.0
2009-06-12,34.96433543685713,35.51045633573449,34.71324410230565,35.152652740478516,650100.0
2009-06-15,34.72580819872872,34.73836300827354,34.17340855168199,34.53749084472656,825500.0
2009-06-16,35.19660379128782,35.4100307705057,34.537491836068995,35.158939361572266,996400.0
2009-06-17,34.71325449002348,34.945512487505425,34.57515636982119,34.819969177246094,1103300.0
2009-06-18,34.68814366769226,35.32214837761615,34.47471669523051,35.13383102416992,617200.0
2009-06-19,36.53365246270674,36.8475154522582,36.357887560240414,36.5964241027832,951600.0
2009-06-22,35.92476201264241,36.144467569697326,35.554403542632286,35.57323455810547,770100.0
2009-06-23,35.89337452938852,36.050306036636776,35.50418506189657,35.84943389892578,737400.0
2009-06-24,36.27628954124991,36.53993333675228,35.755275762635875,35.93731689453125,616800.0
2009-06-25,35.54184809129041,36.50854677784404,35.42258100447594,36.36417007446289,572100.0
2009-06-26,36.326506961730104,36.62153898058308,36.01892252872522,36.52110290527344,416600.0
2009-06-29,37.02327553529446,37.28064307408694,36.70313636053675,36.935394287109375,494500.0
2009-06-30,36.33278498236969,36.4081114390011,35.76155436419634,35.93731689453125,858900.0
2009-07-01,36.46460256836958,37.268091062989235,36.45832636213612,37.01700210571289,902900.0
2009-07-02,37.38736784486184,37.38736784486184,36.841244406941826,37.0107307434082,796400.0
2009-07-06,36.4457734425038,37.10488528204149,36.40183281284027,36.979339599609375,674800.0
2009-07-07,36.634104242386776,36.634104242386776,36.0189328062609,36.05659484863281,886600.0
2009-07-08,35.88080781337343,36.044015473129136,35.17775556471321,35.504173278808594,1268800.0
2009-07-09,35.83060093125854,35.86826295841098,35.52301414020069,35.62972640991211,1130800.0
2009-07-10,35.20287905754179,35.52929450580338,35.152659822680064,35.4539680480957,666600.0
2009-07-13,35.30331075450171,35.70505500523314,35.04594319421535,35.6485595703125,648500.0
2009-07-14,35.592074312581104,35.69251040398264,35.29704224645804,35.41630935668945,710600.0
2009-07-15,36.608989135737886,37.19277465093971,36.426947976248016,37.09233856201172,1341300.0
2009-07-16,36.21980288337011,36.60271625552833,36.18213844862841,36.5085563659668,1041900.0
2009-07-17,36.00637333808237,36.43322732339684,35.97498750863563,36.376731872558594,516700.0
2009-07-20,36.82240930467033,36.91029056688391,36.47716046258065,36.84751892089844,437900.0
2009-07-21,37.38108633734606,37.450136586974835,37.09860913185783,37.41875076293945,856500.0
2009-07-22,37.29947977765782,37.62589760257229,37.29947977765782,37.38736343383789,804400.0
2009-07-23,37.450145739821885,38.1908628620963,37.450145739821885,37.92094039916992,595900.0
2009-07-24,37.594511250485745,37.902098056323325,37.393639114071924,37.68867111206055,463200.0
2009-07-27,37.34341424089665,37.60705796523394,36.97933207538221,37.5756721496582,516300.0
2009-07-28,37.268090862191556,37.5693990460505,36.98561369151611,37.48151779174805,395800.0
2009-07-29,37.914644242863325,38.153178353999635,37.51917626659218,37.87697982788086,592800.0
2009-07-30,38.379169506951236,38.906459473648454,38.32895266919115,38.56121063232422,528800.0
2009-07-31,38.937841469035426,39.32703329769681,38.736969348570966,39.15754699707031,492600.0
2009-08-03,39.42747542412497,39.728783651180066,39.26426530452122,39.54046630859375,381100.0
2009-08-04,39.5592899381175,39.56556614404504,39.195207735123724,39.52162551879883,573400.0
2009-08-05,39.546739243947655,39.55301545052783,38.849962978896926,39.16382598876953,393400.0
2009-08-06,39.182656191240625,39.23287542118038,38.48588233521159,38.70558547973633,366300.0
2009-08-07,39.132448979335514,39.18894442961876,38.59888270022674,38.74325942993164,373300.0
2009-08-10,38.7055937378749,38.91902072148581,38.29129458081668,38.5109977722168,415400.0
2009-08-11,38.8311278044469,39.02572131718615,38.71185834093887,38.818572998046875,511300.0
2009-08-12,38.33523922131955,39.05712531628848,38.3289630128751,38.74953842163086,491100.0
2009-08-13,38.84369487659899,38.84369487659899,38.36034545319981,38.75581359863281,537300.0
2009-08-14,39.182656243190074,39.182656243190074,38.55493023561893,38.88762664794922,306700.0
2009-08-17,37.97744029036962,38.20342213638819,37.80167769661552,38.090431213378906,440200.0
2009-08-18,38.5298266309905,39.057116622616604,38.51727182231072,38.93784713745117,424300.0
2009-08-19,38.60514895528134,39.36469683970119,38.60514895528134,39.188934326171875,419400.0
2009-08-20,38.57376520296162,39.09477656511613,38.51099116291694,39.025726318359375,548000.0
2009-08-21,40.080309707732916,40.35651071862047,39.85433032780445,40.05520248413086,683000.0
2009-08-24,39.62207450904031,39.8292252910338,39.339597258406116,39.446311950683594,418700.0
2009-08-25,39.772714457936644,40.124239438690076,39.6659998069334,39.860595703125,1109600.0
2009-08-26,40.28745610241311,40.76452921795587,40.14307940535233,40.35650634765625,921100.0
2009-08-27,38.768358740638156,39.10105516641299,38.391724078709224,39.025726318359375,1606300.0
2009-08-28,39.22032647600862,39.26426711148144,38.768362917333945,39.03200912475586,845500.0
2009-08-31,38.70559334234711,39.02573261719942,38.65537649679104,38.944129943847656,592700.0
2009-09-01,39.006895879318584,39.49024521916455,38.77463791418748,38.90645980834961,1044200.0
2009-09-02,38.956673364732744,39.74133080315287,38.94411855836788,39.46512985229492,935300.0
2009-09-03,39.05710974258062,39.31447728871766,38.944118878951244,39.28936767578125,1005700.0
2009-09-04,39.30820393228302,39.77272225523996,39.207767861722715,39.73505783081055,875100.0
2009-09-08,40.24979915625483,40.48205474760983,40.11797485569721,40.33140182495117,1292100.0
2009-09-09,40.52083943322035,40.76486419768789,40.34103300133843,40.45020294189453,1026900.0
2009-09-10,40.43093138085671,40.636425121191344,40.0327875651682,40.597896575927734,1096800.0
2009-09-11,40.66211568091313,40.77128561708141,40.33461077176593,40.37956237792969,825600.0
2009-09-14,40.01994270502408,40.66853429394946,40.01994270502408,40.54010009765625,558100.0
2009-09-15,40.16765112953843,40.35388063783948,39.91078512296239,40.296085357666016,550600.0
2009-09-16,40.14196613064619,40.84835320162726,40.14196613064619,40.77129364013672,785000.0
2009-09-17,41.37491656716618,41.67673654545192,41.09878391675124,41.25290298461914,728300.0
2009-09-18,41.41986856935834,41.57398763872673,41.32354231374428,41.38134002685547,777500.0
2009-09-21,40.559376684794394,41.16943746516158,40.54653301629749,41.15017318725586,617700.0
2009-09-22,41.342822540179434,41.35566865887594,41.015317554120784,41.2015495300293,557200.0
2009-09-23,41.265748957518106,41.36849336929407,40.61073679711704,40.630001068115234,671400.0
2009-09-24,40.34744244588619,40.411658307125954,39.73095890946525,40.0070915222168,549200.0
2009-09-25,39.93004344281025,40.058477651777324,39.49978921022238,39.62822341918945,418500.0
2009-09-28,39.576856323225,39.801614380722505,39.49979431807235,39.64749526977539,801100.0
2009-09-29,39.73739849277439,39.80803743932478,39.36493948357384,39.64749526977539,344200.0
2009-09-30,39.5383106779599,39.67958851873958,38.98604542728825,39.4869384765625,488700.0
2009-10-01,39.461265305552644,39.56401219488035,39.11449363544198,39.2943000793457,774000.0
2009-10-02,38.5301160272881,39.172284627742904,38.5301160272881,39.03742980957031,1185000.0
2009-10-05,38.69067165440489,38.98606872558594,38.562237399641056,38.98606872558594,610200.0
2009-10-06,39.165858998219306,39.467676535956045,39.06953274062937,39.3585090637207,612100.0
2009-10-07,39.16586200927782,39.358512089590086,39.050271471154716,39.313560485839844,664100.0
2009-10-08,39.59611631780113,39.7759227443551,39.486948830158745,39.65391159057617,699700.0
2009-10-09,39.37136082489092,39.65391414908906,39.3264092153521,39.61538314819336,681500.0
2009-10-12,39.679596555451965,39.711704494038266,39.461259143514994,39.5190544128418,412200.0
2009-10-13,39.90435456780553,40.1034277064894,39.66675288269675,39.89793395996094,494300.0
2009-10-14,39.50621232062327,39.65391080374459,38.9282596043409,39.60895919799805,1678900.0
2009-10-15,40.161230378368224,40.270397879598924,40.0199524829599,40.09059143066406,1343300.0
2009-10-16,40.14838940672157,40.39241421071957,39.93647254937821,40.2575569152832,946200.0
2009-10-19,41.066676166955645,41.09878410209973,40.6556887178832,40.681373596191406,631400.0
2009-10-20,41.862969816714646,41.88223408953581,41.18869087183036,41.27217102050781,924400.0
2009-10-21,41.869383659079574,42.062036166148154,41.35565180582465,41.374916076660156,946000.0
2009-10-22,41.34281566401568,41.63821265324061,41.066685399951666,41.50978088378906,520000.0
2009-10-23,40.85476478036471,40.976778379573645,40.289658188108234,40.50799560546875,785400.0
2009-10-26,40.32176913530762,40.713492394176214,39.878671209849536,40.103431701660156,648600.0
2009-10-27,40.59790987221098,40.687813106841894,40.064908624499935,40.15481185913086,549000.0
2009-10-28,40.655689784223114,40.90613511446555,40.45661666162293,40.51441192626953,830200.0
2009-10-29,41.21438138090131,42.010669081522884,41.17585283228729,41.90792465209961,877300.0
2009-10-30,42.47302614043981,42.67209681674958,41.6189408205349,41.7537956237793,913700.0
2009-11-02,42.24827429696002,42.8326451962498,41.97856465113397,42.38312911987305,839300.0
2009-11-03,41.49051800237768,42.25470028455721,41.49051800237768,42.11342239379883,669700.0
2009-11-04,42.11341193427538,42.338169932224226,41.8051688946906,41.869384765625,653000.0
2009-11-05,42.37029056381528,42.76200894105178,42.20332533952297,42.665687561035156,580300.0
2009-11-06,42.64642865023045,43.012464638417626,42.59505397485292,42.75559616088867,939700.0
2009-11-09,43.49408167287859,43.75094519480493,43.262900583658784,43.461971282958984,530600.0
2009-11-10,44.21330241943416,44.36742149519345,43.89221815364399,44.007808685302734,631100.0
2009-11-11,43.59039304380892,43.84726140616447,43.25004454591433,43.30784225463867,708000.0
2009-11-12,43.4041762198669,43.4041762198669,42.92897279596359,43.025299072265625,403400.0
2009-11-13,43.185843263906484,43.61609509901692,42.96108520820388,43.46839904785156,524000.0
2009-11-16,43.86654056418711,44.05277006761697,43.648205566664075,43.956443786621094,425400.0
2009-11-17,44.47018123690365,44.61788218950918,44.271110513240664,44.53439712524414,689000.0
2009-11-18,44.64356374778458,44.6564098648151,44.05919280620762,44.264686584472656,491800.0
2009-11-19,44.027057337907216,44.027057337907216,43.41699940907853,43.84082794189453,325900.0
2009-11-20,43.237211704028965,43.7188381394387,43.16657276822028,43.635353088378906,399200.0
2009-11-23,44.283944522124,44.617874926106744,44.149089708754694,44.187618255615234,522900.0
2009-11-24,44.45733914506532,44.48302158041008,44.104144417098155,44.264686584472656,464400.0
2009-11-25,44.778416793650244,44.778416793650244,44.32889585250772,44.4958610534668,331700.0
2009-11-27,43.0381414183128,43.89222691157831,42.99961286652454,43.72526168823242,286600.0
2009-11-30,43.34636852785073,43.545439171073525,42.99317393565908,43.41700744628906,343400.0
2009-12-01,44.00140248861817,44.46376479242106,43.98856126878319,44.322486877441406,507400.0
2009-12-02,44.49586229610031,44.66282750172222,44.23899387961067,44.43806457519531,257700.0
2009-12-03,44.50870496507189,44.6307185692427,44.02066034710405,44.03992462158203,260300.0
2009-12-04,44.70778337414627,44.95180569845471,44.354588655343775,44.5472412109375,400700.0
2009-12-07,44.64999085939422,44.95181094535325,44.60503924442321,44.694942474365234,391900.0
2009-12-08,43.744521053942094,43.85368852576714,43.35921602503045,43.51333999633789,524500.0
2009-12-09,43.41059927811582,43.45555088714237,42.71063780907972,43.025299072265625,827100.0
2009-12-10,43.571136474609375,43.66746273993659,43.39775311650628,43.571136474609375,348500.0
2009-12-11,43.9757129623068,44.078457402506416,43.71242145420861,43.956443786621094,329300.0
2009-12-14,43.87938376379761,44.11698302185036,43.80232176425308,43.96286392211914,355700.0
2009-12-15,43.62893450026899,44.61787469248995,43.62893450026899,44.00138854980469,951900.0
2009-12-16,44.29679142658176,44.42522318464352,44.091297674068436,44.23257064819336,923300.0
2009-12-17,43.34638073834908,43.583984885424336,43.27574180001205,43.461971282958984,1110200.0
2009-12-18,43.90506884571283,43.97570778350046,43.57756148863907,43.78947830200195,1406900.0
2009-12-21,43.731674294532844,44.07202281893874,43.68672269507088,43.693145751953125,499800.0
2009-12-22,43.91149020084252,44.05919114497565,43.667467879402956,43.95002365112305,694600.0
2009-12-23,43.776642322741544,44.24542766393641,43.72526764711714,44.110572814941406,650000.0
2009-12-24,43.94359940248206,44.61145536341052,43.79589846234993,44.51512908935547,215500.0
2009-12-28,44.55365455716616,44.68209121347403,44.31605531687219,44.579341888427734,230700.0
2009-12-29,44.70136551677669,44.75915835056417,44.38028115300117,44.45092010498047,250000.0
2009-12-30,44.630721580123534,44.73988907576856,44.42522780623254,44.73347091674805,307400.0
2009-12-31,44.77843465596983,44.93255380329535,44.553671646060884,44.572940826416016,214600.0
2010-01-04,44.94538337391564,45.016022318829435,44.52155460379094,44.61145782470703,620000.0
2010-01-05,43.96286166788948,44.084875269405856,43.68672897454446,43.78947830200195,1527000.0
2010-01-06,43.70600426338692,43.8408591151428,43.62252408830724,43.68031692504883,1094600.0
2010-01-07,43.757361723077565,43.93716812133789,43.609665709945254,43.93716812133789,386700.0
2010-01-08,43.97570255854508,44.02065415912743,43.71883416977866,43.90506362915039,855900.0
2010-01-11,44.341749113898004,44.341749113898004,44.00781865816241,44.14267349243164,793800.0
2010-01-12,43.609661084106946,44.027066650353994,43.609661084106946,43.911476135253906,953600.0
2010-01-13,44.393123626708984,44.51513725618742,44.19405288333571,44.393123626708984,445300.0
2010-01-14,44.97107320651578,45.10592804538111,44.84905958591262,44.95180892944336,391000.0
2010-01-15,44.797680456055744,44.8683193901383,44.367423794091785,44.656402587890625,671300.0
2010-01-19,45.11234691187016,45.55544484079196,45.028866752528074,45.542598724365234,598200.0
2010-01-20,44.95179979964149,45.170134761262496,44.72704178051475,45.105918884277344,600400.0
2010-01-21,45.510491788146226,45.56828461215923,44.38027364698918,44.6756706237793,821100.0
2010-01-22,44.34816360231433,44.64998363946891,44.00139195745744,44.084877014160156,779800.0
2010-01-25,44.07844874937601,44.34174020578691,44.02707408968258,44.200462341308594,739200.0
2010-01-26,43.60968310264458,44.05919927757438,43.60326004318591,43.84728240966797,343900.0
2010-01-27,43.92433407535644,44.129827835384404,43.73810458980646,44.03992462158203,561500.0
2010-01-28,44.149083047516235,44.1683473180399,43.58397654827644,43.661033630371094,899300.0
2010-01-29,43.5133442433156,43.67388638791232,43.05098208297985,43.147308349609375,1268000.0
2010-02-01,43.05739601198141,43.42984998497015,42.98033403514422,43.320682525634766,666900.0
2010-02-02,43.384913082481305,43.78948247369027,43.25005825186434,43.72526168823242,266900.0
2010-02-03,43.147321110204075,43.28217596362504,42.717064311927004,43.07025909423828,724700.0
2010-02-04,42.21616450822604,42.22258756636813,41.18227261845456,41.24007034301758,1074300.0
2010-02-05,40.52083147079258,40.726325195328805,40.007097159452016,40.681373596191406,1460900.0
2010-02-08,40.41809003290458,40.73917432679391,40.33460988026206,40.373138427734375,1095800.0
2010-02-09,40.71349210117882,41.29786300651574,40.4887316109857,41.034576416015625,856100.0
2010-02-10,40.98319659998986,41.36849674950699,40.88044973014006,41.130897521972656,591300.0
2010-02-11,40.29608760480595,41.27860497286639,40.2511359899064,41.15017318725586,760300.0
2010-02-12,41.70242427933112,41.70242427933112,41.25932644312052,41.38134002685547,979800.0
2010-02-16,41.68958572237476,42.17121218838932,41.54830784177991,42.15837097167969,421700.0
2010-02-17,42.38312860722002,42.65283824978375,42.33175394215329,42.50514221191406,397400.0
2010-02-18,42.36386822643692,42.86475900848142,42.331757832979434,42.72990417480469,335100.0
2010-02-19,42.293229079163055,42.723480913041264,42.26111868585829,42.54367446899414,396100.0
2010-02-22,42.357432573785836,42.45375882615955,42.19046739629518,42.293216705322266,370700.0
2010-02-23,42.24827948915033,42.29965416115227,41.952882474176775,42.023521423339844,325900.0
2010-02-24,42.184052751379724,42.49229090541246,42.07488037660922,42.12625503540039,621300.0
2010-02-25,41.58041858016428,41.88866167670764,41.33639626577923,41.83086395263672,1216800.0
2010-02-26,41.36849577730504,42.04919775479056,41.31712111874819,41.92076110839844,1245900.0
2010-03-01,41.94005088966181,42.33819738660589,41.77950865854309,42.184078216552734,774700.0
2010-03-02,42.15195016268189,42.28680499243827,41.946456388859104,42.0684700012207,833400.0
2010-03-03,42.384981846305166,42.71712854737735,42.352416105964274,42.54128646850586,538600.0
2010-03-04,42.65852694873117,42.775756687191034,42.228682918099814,42.46314239501953,430800.0
2010-03-05,42.417536370951446,42.945072467544,42.36543815044665,42.84086608886719,433700.0
2010-03-08,42.85390543128085,42.96462101057563,42.53477704084075,42.7952880859375,638800.0
2010-03-09,42.521756696973846,42.82134268068495,42.49570509375959,42.554317474365234,854600.0
2010-03-10,42.62595516129938,42.93205526662544,42.573856927347954,42.7952880859375,512600.0
2010-03-11,42.87994999473552,42.93205319500769,42.463134330227454,42.847389221191406,294000.0
2010-03-12,43.23816163495566,43.329339768621345,43.081856972790995,43.23164749145508,370000.0
2010-03-15,43.04276698045297,43.25117977288172,42.94507969504506,43.225128173828125,330400.0
2010-03-16,43.38794819568483,43.85686208570302,43.34235913823162,43.817787170410156,458400.0
2010-03-17,44.052247442863106,44.052247442863106,43.47261300036501,43.61589431762695,626500.0
2010-03-18,43.46610679516601,43.596364820478286,43.257698923501984,43.511695861816406,552400.0
2010-03-19,43.02322769165039,43.36840266895434,42.81481987692909,43.02322769165039,686300.0
2010-03-22,42.821345616169914,43.485644152749074,42.77575654962856,43.348876953125,423300.0
2010-03-23,43.16651597944037,43.602869135726294,43.081851999049604,43.537742614746094,549600.0
2010-03-24,43.146982958053925,43.44005481702724,42.91903762675962,43.010215759277344,471200.0
2010-03-25,43.342362420144156,43.51820452111153,43.1665153503418,43.1665153503418,560000.0
2010-03-26,43.23163915770977,43.479126874667635,43.15348932611016,43.29025650024414,471800.0
2010-03-29,43.22513482713679,43.57682401524141,43.1339567008321,43.26420974731445,528400.0
2010-03-30,43.71358774160935,43.92199558077171,43.5703064205287,43.752662658691406,422400.0
2010-03-31,43.95454509408099,44.04572318980219,43.635421759056804,43.92849349975586,628400.0
2010-04-01,44.612346328712434,44.81424002864002,44.52768235073778,44.716552734375,566900.0
2010-04-05,44.820757669997874,44.859832590754145,44.63188727161706,44.683990478515625,346300.0
2010-04-06,44.60583160184781,44.892394244831216,44.46906442283342,44.80121612548828,378700.0
2010-04-07,44.495115766589564,44.67747200422084,44.358348588366106,44.47557830810547,415200.0
2010-04-08,44.35835139331799,45.009626551089404,44.28671072845633,44.957523345947266,430400.0
2010-04-09,45.50458808435788,45.83673477172851,45.50458808435788,45.836734771728516,635900.0
2010-04-12,45.84326101409516,46.01259395767789,45.706493818106004,45.765106201171875,300700.0
2010-04-13,46.72247099946053,46.8071399365649,46.35775855911658,46.624778747558594,861500.0
2010-04-14,46.83320144357007,46.88529968261719,46.6508402159813,46.88529968261719,409100.0
2010-04-15,46.14284256148159,46.55965825254725,46.110281785862846,46.429405212402344,375800.0
2010-04-16,46.461959878245416,46.579189586494046,45.90186790420678,46.168888092041016,558500.0
2010-04-19,45.43946730398036,45.96048943759753,45.41342066925128,45.90838623046875,438800.0
2010-04-20,46.06468627581063,46.16237355782547,45.91489082866407,46.12329864501953,359000.0
2010-04-21,45.98002705618315,46.01259280295945,45.49808481067286,45.62833786010742,766200.0
2010-04-22,45.60880289896811,45.791159165703874,45.22455290389426,45.77162170410156,482400.0
2010-04-23,45.69346276123939,45.80417833416882,45.432951731120134,45.739051818847656,545200.0
2010-04-26,45.81719725490941,45.98653015356969,45.367820864113405,45.39386749267578,565200.0
2010-04-27,44.92496250257124,45.133370353994856,43.85035750007896,43.90896987915039,863200.0
2010-04-28,43.92850618032268,44.14994231159013,43.60938275317913,43.77220153808594,617100.0
2010-04-29,44.89239682393715,45.185468657400236,44.775167096784884,44.957523345947266,700500.0
2010-04-30,44.71654973800792,44.93798088195085,44.351832311462836,44.37788391113281,602400.0
2010-05-03,44.449526507224576,44.68398594564859,44.10435149199889,44.1629638671875,468900.0
2010-05-04,44.254153508642226,44.28671926033867,43.53775169084514,43.70708465576172,626500.0
2010-05-05,42.63898707597775,43.04928865296773,42.37196186559397,42.619449615478516,961200.0
2010-05-06,42.743180905601236,42.97764032748674,36.406277279245074,41.017303466796875,1428400.0
2010-05-07,40.89356561672655,41.303867155910545,40.12506077194433,40.685157775878906,1307300.0
2010-05-10,42.65200983895043,42.97764742659911,42.078889473469445,42.26124572753906,951600.0
2010-05-11,42.11795558220788,42.90599778318638,41.740214867044365,42.41754150390625,835300.0
2010-05-12,42.404520082475464,42.71062015950303,42.261238772476645,42.63246536254883,511700.0
2010-05-13,42.38498518921325,42.68457114240727,42.21565226998715,42.34590530395508,427500.0
2010-05-14,42.03329952737382,42.046322844318794,41.24525717807086,41.55786895751953,1264900.0
2010-05-17,41.61648219726046,41.78581512394753,40.971718719273916,41.668582916259766,792500.0
2010-05-18,42.202637890883885,42.248226959309996,41.010802999240916,41.141056060791016,531100.0
2010-05-19,40.93914973396455,41.206172403088466,40.470230906462206,40.997764587402344,678800.0
2010-05-20,39.87757954887845,40.20321714357883,39.48681542900507,39.5258903503418,1309800.0
2010-05-21,38.78995237273846,39.845017516505855,38.71179755881661,39.818965911865234,1182700.0
2010-05-24,39.3565601650585,39.96224629412242,39.31097110024016,39.408660888671875,663200.0
2010-05-25,38.69875927811219,39.083011627197266,38.36009846465612,39.083011627197266,1233400.0
2010-05-26,38.900668863656826,39.278409686410704,38.470827314836995,38.568519592285156,1196000.0
2010-05-27,39.25234912982091,40.05341717519473,39.167682674301545,40.046905517578125,834100.0
2010-05-28,40.16413790598591,40.294393434808796,39.72778474150944,39.91014099121094,738200.0
2010-06-01,40.24880460999469,40.867516512242844,40.125063223312104,40.23577880859375,979300.0
2010-06-02,40.62653340782676,41.19965359382584,40.352996627967194,41.19314193725586,636600.0
2010-06-03,41.47320097946354,41.52530169859749,40.997770426935375,41.382022857666016,632600.0
2010-06-04,40.67865074187789,40.85449535414984,40.18368265447444,40.326961517333984,722800.0
2010-06-07,40.29438919023634,40.51582282058437,39.85152192954027,39.86454772949219,661400.0
2010-06-08,39.94922149427882,40.49629277024043,39.72778782342727,40.424652099609375,728300.0
2010-06-09,41.128022662068425,41.733708690616275,40.952178090772215,41.147560119628906,946500.0
2010-06-10,42.065859005649735,42.254729392950345,41.88350276103811,42.15052795410156,666600.0
2010-06-11,41.88350243690586,42.14401348526426,41.70766033634405,42.11796188354492,494200.0
2010-06-14,42.89297509934993,43.1990751672129,42.59990331500649,42.7757453918457,673000.0
2010-06-15,42.951593563817895,43.075337430642016,42.678059197102996,43.03626251220703,337400.0
2010-06-16,43.01021943676902,43.37493199802383,42.97114451058771,43.30329132080078,472200.0
2010-06-17,43.43353748712192,43.47261240262529,43.00369354124635,43.2576904296875,542600.0
2010-06-18,43.07533632870135,43.153491132406984,42.82785357021914,42.91251754760742,289700.0
2010-06-21,43.02974981934935,43.17303115021863,42.45011532180377,42.61293411254883,438800.0
2010-06-22,42.89950001293325,43.1144170566269,42.66504053905333,42.697601318359375,740500.0
2010-06-23,42.6324696393718,42.68457284256818,42.24170555306883,42.384986877441406,553900.0
2010-06-24,42.18308124650171,42.267750179933074,41.81836882197927,41.88349533081055,365300.0
2010-06-25,41.968168805324154,42.059346921320504,41.68160617285866,41.96165466308594,307300.0
2010-06-28,41.909550432280156,42.157038142899886,41.7792974037268,41.98770523071289,312500.0
2010-06-29,41.82488750490348,41.916065620934305,41.32340538231661,41.525299072265625,478800.0
2010-06-30,41.1931569537509,41.49925709687941,40.769827074293076,40.86100769042969,477100.0
2010-07-01,41.219201466221755,41.55786481463435,40.80889745966571,41.525299072265625,617700.0
2010-07-02,41.323407776052,41.4732007588393,40.90007794490976,41.062896728515625,350600.0
2010-07-06,41.70766290073372,41.89001915514626,41.12151424809681,41.375511169433594,394100.0
2010-07-07,41.440639258194224,42.64549979867552,41.440639258194224,42.599910736083984,398800.0
2010-07-08,42.788768669257614,43.088359563934134,42.61944073432567,43.068817138671875,271800.0
2010-07-09,42.80831797270495,43.12744140625,42.80831797270495,43.12744140625,205400.0
2010-07-12,43.16651431681308,43.33584723990752,43.04928459602998,43.19256591796875,307500.0
2010-07-13,43.993636112085454,44.052248487536374,43.791737447139944,44.032711029052734,486800.0
2010-07-14,44.130405083191285,44.84029260405647,44.0261986752652,44.540706634521484,757700.0
2010-07-15,44.76213437348819,44.9249531287159,44.3453137887779,44.89238739013672,386800.0
2010-07-16,44.97055745289596,45.00963237739308,44.20205246849261,44.28671646118164,386100.0
2010-07-19,44.2541395267109,44.456038179534794,43.928501987974734,44.16947555541992,279100.0
2010-07-20,43.51821147677829,44.28671646118164,43.47262240858639,44.28671646118164,257100.0
2010-07-21,44.195526541652306,44.21506399869191,43.70055609836642,43.81127166748047,472900.0
2010-07-22,44.254147821436334,44.89891384654577,44.215072899491076,44.69050598144531,1156100.0
2010-07-23,45.0486986249296,45.80418014526367,44.94449719006255,45.80418014526367,689600.0
2010-07-26,46.17540087232943,46.24052738191741,45.84976335555537,46.16237258911133,510900.0
2010-07-27,46.13633133478381,46.29264095543893,45.90838601570589,46.175411224365234,337100.0
2010-07-28,45.40690283407265,45.478543495840725,45.12685432957061,45.17244338989258,584300.0
2010-07-29,45.25059286374091,45.40038334336719,44.78818320358766,45.00310516357422,500200.0
2010-07-30,45.16592577190357,45.58925556736746,44.99659285995111,45.51110076904297,356600.0
2010-08-02,46.338217027928486,46.722466891098414,46.28611383565104,46.435909271240234,544100.0
2010-08-03,46.227509708512116,46.4945299210566,45.92140961037872,46.36427688598633,413500.0
2010-08-04,46.39032429936201,46.67037277143592,46.28611790564411,46.624778747558594,364800.0
2010-08-05,45.96700358069746,46.10377077278402,45.49157051110914,45.90838623046875,345800.0
2010-08-06,44.68400288239394,45.41343307495117,44.66446541659238,45.41343307495117,472600.0
2010-08-09,45.57624081470211,46.090743851621724,45.52413760603023,45.91490173339844,240700.0
2010-08-10,45.133365212421175,46.01909972227782,44.82075098648107,45.82371520996094,377800.0
2010-08-11,44.99659294672827,45.02264454622001,44.69049783257807,44.788185119628906,427800.0
2010-08-12,45.126856989543754,45.28967578155301,44.937986594552804,45.03567886352539,438700.0
2010-08-13,44.93146451024536,45.29618191869252,44.9184411954739,45.00310516357422,352000.0
2010-08-16,45.00309850138013,45.47853140592244,44.85981721593358,45.25709533691406,253800.0
2010-08-17,44.93798446655273,45.146392311702186,44.50163131715153,44.937984466552734,380400.0
2010-08-18,44.88588282800153,44.892396970874394,44.501632868699566,44.67747497558594,290400.0
2010-08-19,44.34532082084139,44.51465374440373,44.045734859975624,44.241119384765625,430500.0
2010-08-20,43.765682611443246,43.895940606431346,43.58984052925237,43.81127166748047,256100.0
2010-08-23,43.628924336470575,44.11738073736337,43.60287273216271,43.804771423339844,486200.0
2010-08-24,43.081851818596434,43.62892055514075,42.919033032410375,43.361900329589844,846300.0
2010-08-25,42.80179838466752,43.36189534223365,42.710620272397165,43.225128173828125,493300.0
2010-08-26,42.65201066447843,42.98416240158274,42.469654406879314,42.502220153808594,700200.0
2010-08-27,42.945085806493864,43.10790459712348,42.196118375830615,43.05580139160156,512800.0
2010-08-30,42.984160039961154,43.05580070420123,42.50221781866572,42.5347785949707,292200.0
2010-08-31,42.437096182098756,42.84739778638339,42.241711626438075,42.65852737426758,1492600.0
2010-09-01,43.62241289305927,44.299734694492095,43.50518316418913,43.987125396728516,575400.0
2010-09-02,43.79825955565315,44.104359711130165,43.700567276631766,44.07830810546875,305000.0
2010-09-03,44.286701658723906,44.3778797646322,44.039218938234846,44.345314025878906,260200.0
2010-09-07,44.17599105834961,44.36486143289505,43.980606541555105,44.17599105834961,486200.0
2010-09-08,44.791045240179976,44.9840820056778,44.644603205771645,44.71116638183594,375000.0
2010-09-09,45.19042923878056,45.19042923878056,44.93082929800102,45.03733444213867,278500.0
2010-09-10,44.97075575126421,45.17710815053058,44.85759787071261,45.12385559082031,426100.0
2010-09-13,45.13052765825568,45.13052765825568,44.6778909149073,44.804359436035156,547700.0
2010-09-14,44.80435007460615,45.35683401384217,44.71116062442708,45.210391998291016,376200.0
2010-09-15,45.01735109055314,45.59646125886902,44.91750888777772,45.50992965698242,422000.0
2010-09-16,45.163795776301924,45.263643063454225,44.91085371683422,45.19042205810547,334600.0
2010-09-17,44.997393214242486,45.217056268807085,44.69119853747586,44.76441955566406,273300.0
2010-09-20,44.84430004566211,45.50994199634374,44.81767375822143,45.47665786743164,271900.0
2010-09-21,46.14896122886535,46.155613992406266,45.336877173673855,45.450035095214844,526700.0
2010-09-22,45.63641237920367,45.86273329247864,45.52325446178882,45.643070220947266,409900.0
2010-09-23,45.5032828106695,45.94926168562482,45.370156455843855,45.696319580078125,373000.0
2010-09-24,46.11566531855986,46.59492825025642,46.11566531855986,46.328670501708984,369700.0
2010-09-27,46.76134407846427,46.8079388089278,46.41521252051303,46.46180725097656,487300.0
2010-09-28,46.0557655639701,46.262112931800985,45.68300263952249,46.035797119140625,628700.0
2010-09-29,46.33535145699139,46.48179354566924,46.06909357561772,46.11568832397461,488100.0
2010-09-30,46.681470824510356,46.681470824510356,45.88936031155099,45.93595504760742,410200.0
2010-10-01,46.70808731404802,46.88781345716274,46.375266389629644,46.65483474731445,504500.0
2010-10-04,46.42187452428146,46.48843771270222,45.94261144213885,46.148963928222656,288300.0
2010-10-05,46.34864242417982,46.90112640517093,46.32201613948145,46.74803161621094,278400.0
2010-10-06,46.76799532867787,46.92774794226167,46.554990151084795,46.668148040771484,297400.0
2010-10-07,47.30051656425294,47.30051656425294,46.721411302992344,46.827911376953125,332900.0
2010-10-08,46.89447030549478,47.18735436960666,46.761343955504685,47.12744903564453,266300.0
2010-10-11,47.16073167287769,47.393705342312145,47.08085788818308,47.22064208984375,248200.0
2010-10-12,47.699897782002935,47.73983466821335,47.027598086276406,47.25391387939453,441700.0
2010-10-13,47.8862793198413,48.305631883423395,47.7464951319806,48.0460319519043,499000.0
2010-10-14,48.37885486301558,48.60517067776106,48.192475938297,48.33226013183594,629700.0
2010-10-15,48.36555080988576,48.425456153039804,47.666624669082246,48.006103515625,438800.0
2010-10-18,47.91955874977274,48.29897442797807,47.84633773481692,48.192474365234375,282200.0
2010-10-19,48.43877022624345,49.01122280121849,48.2590491054703,48.4321174621582,626800.0
2010-10-20,48.52529594036901,49.12437467117746,48.47870121010862,48.6983642578125,839100.0
2010-10-21,50.1694354787595,50.1694354787595,49.22422005242059,49.430572509765625,1118200.0
2010-10-22,49.61694622871399,49.65688311631846,49.00455691937115,49.08443069458008,425700.0
2010-10-25,50.022995554193955,50.08955873616093,49.3506957359034,49.39063262939453,873300.0
2010-10-26,49.59032718580566,49.64357976268439,49.06446941562999,49.270816802978516,1138600.0
2010-10-27,49.05114828097303,49.11771144855991,48.21909599002665,48.56522750854492,701200.0
2010-10-28,49.190933744280706,49.35734420682669,48.93133382898452,49.12437057495117,630500.0
2010-10-29,49.40395320079925,49.41061104318824,48.95131640881733,49.257511138916016,430700.0
2010-11-01,49.41061724344378,49.523775186027365,49.177638436605775,49.357364654541016,771700.0
2010-11-02,49.969731590789166,49.98970003298459,49.57700535176168,49.630252838134766,593700.0
2010-11-03,50.076238628370525,50.14280179770606,49.36400205174723,49.79666519165039,760900.0
2010-11-04,50.63539147830013,50.75520725265736,50.40907561476199,50.54220199584961,648100.0
2010-11-05,50.35581694944872,50.4090695268308,49.88986451502356,50.109527587890625,745200.0
2010-11-08,49.6768541617204,50.009675118372954,49.64357511312201,49.876548767089844,308100.0
2010-11-09,49.82329298849379,49.96973501254684,49.01120909397738,49.14434051513672,498700.0
2010-11-10,49.35069394663778,49.53707288076604,48.80486774878572,49.45719909667969,383900.0
2010-11-11,49.503794427449876,49.61029450033158,49.270815678533715,49.39728927612305,499000.0
2010-11-12,49.52375650784282,49.77669859206273,49.290782867318626,49.510440826416016,404800.0
2010-11-15,49.77671599631398,50.03631601201551,49.63693176312441,49.696842193603516,452200.0
2010-11-16,49.5304087714208,49.663535100031865,48.71166712297544,48.91136169433594,515800.0
2010-11-17,49.284125001899454,49.47716175493544,49.104398851839115,49.17096710205078,347800.0
2010-11-18,50.4822866291897,50.835081153594224,50.3691287084944,50.668670654296875,612000.0
2010-11-19,50.435695463069045,50.655358556519275,50.12950073209862,50.64870071411133,516900.0
2010-11-22,50.28926917027226,50.56883766949049,49.9431323897143,50.468990325927734,451800.0
2010-11-23,49.72344273234274,49.73675841288825,48.95130084935972,49.111053466796875,642500.0
2010-11-24,49.310757719606386,49.62361025401731,49.24419453915505,49.51710510253906,567400.0
2010-11-26,48.87142190792119,49.19759006088838,48.84479562532525,48.99123764038086,189000.0
2010-11-29,48.185825585239414,48.272357219892996,47.626688724193585,48.09263610839844,642100.0
2010-11-30,47.39369425357807,47.9861150508645,47.3337889290732,47.699893951416016,744800.0
2010-12-01,47.540139921258444,47.97946598188086,47.39369790105098,47.799739837646484,799500.0
2010-12-02,47.50020631947957,48.15919037753289,47.4536115896868,47.979469299316406,993200.0
2010-12-03,48.06599773893348,48.378850223326744,47.87961883208924,48.3721923828125,498400.0
2010-12-06,47.806399779125364,47.98612085281376,47.67992619639808,47.872962951660156,468800.0
2010-12-07,48.1924810356165,48.33226524394042,47.92622322423722,47.9927864074707,364900.0
2010-12-08,48.73163533625833,48.96460894945884,48.41213011771016,48.55856704711914,776100.0
2010-12-09,48.76491856673965,49.004550015495624,48.651755603728816,48.9246711730957,893800.0
2010-12-10,49.52376437085516,49.54373281772132,48.931343414414414,49.417259216308594,516600.0
2010-12-13,49.22421617197805,49.543726516535756,49.21756340949898,49.310752868652344,1148500.0
2010-12-14,49.09109444312495,49.230878645007216,48.951310241242695,49.157657623291016,586000.0
2010-12-15,48.425446231619375,48.79155129292693,48.425446231619375,48.4853515625,421600.0
2010-12-16,49.250845894287956,49.317409072836355,48.86477742732923,49.16431427001953,428500.0
2010-12-17,49.031184382142435,49.07112127070659,48.63179518272242,48.73830032348633,322900.0
2010-12-20,49.570355881720296,49.570355881720296,48.97127712248018,49.47050857543945,454900.0
2010-12-21,49.37065843433044,49.557037353515625,49.29078465664802,49.557037353515625,350300.0
2010-12-22,49.257515964910915,49.83662642679309,49.18429492679548,49.696842193603516,481900.0
2010-12-23,49.70347865591915,49.889857572374694,49.66354176766284,49.829952239990234,206400.0
2010-12-27,49.903182266028246,49.903182266028246,49.29079283609968,49.61029815673828,203800.0
2010-12-28,49.78335605820504,49.78335605820504,49.29743525867253,49.4771614074707,241000.0
2010-12-29,49.61694987062401,49.843265688253695,49.59032358411849,49.74342346191406,673500.0
2010-12-30,49.39728290174813,49.49047235791109,49.057804123757634,49.17096710205078,427700.0
2010-12-31,49.184277359618534,49.57700870364253,49.12437202898211,49.4771614074707,198300.0
2011-01-03,49.663540622169876,49.736761634580645,49.403940697602394,49.503787994384766,275100.0
2011-01-04,50.0030190513199,50.04295593837669,49.55038237704668,49.80998229980469,650600.0
2011-01-05,49.3307268293774,49.80333201891691,49.26416364803082,49.6901741027832,792000.0
2011-01-06,51.05473667419385,51.06805235742055,50.315873686911914,50.449005126953125,667800.0
2011-01-07,50.73523174459691,50.761858032799125,50.236000267307034,50.48228454589844,620900.0
2011-01-10,50.50225334263081,50.515563946263114,49.94976934066259,50.06292724609375,329300.0
2011-01-11,51.187860899635155,51.42083453881468,50.95488726045563,51.16789245605469,661200.0
2011-01-12,51.021463288806174,51.021463288806174,50.1894107403209,50.49560546875,914300.0
2011-01-13,51.241109838214854,51.71371492376943,51.14126254894128,51.40752029418945,919600.0
2011-01-14,51.207825746164126,52.07981491088867,51.207825746164126,52.07981491088867,840500.0
2011-01-18,53.60416194685202,53.73063558144565,53.01839867850426,53.17149353027344,946600.0
2011-01-19,52.89857359107867,53.01173151875164,52.03989475234217,52.21296310424805,659700.0
2011-01-20,51.214485969626196,51.28104913946439,50.48893370659013,51.06138610839844,794300.0
2011-01-21,51.05472586163027,51.507362505018946,50.97485209296667,51.40752029418945,570500.0
2011-01-24,51.893447255601444,52.4059944152832,51.72703676347402,52.4059944152832,851800.0
2011-01-25,51.81355300164268,52.39266317048091,51.70705295910494,52.37935256958008,962600.0
2011-01-26,53.25135353824901,53.29794826945719,52.818685275061775,53.078285217285156,911400.0
2011-01-27,52.92519078887107,53.111569715003505,52.67890144879901,52.772090911865234,737900.0
2011-01-28,51.80024653263635,52.01990955334941,51.15457315090384,51.40752029418945,1060700.0
2011-01-31,51.25442991636476,51.80691395117316,51.061393142331276,51.12130355834961,804900.0
2011-02-01,51.999942788840336,52.126411286119264,51.4674272811636,51.553958892822266,1914200.0
2011-02-02,52.12641540308859,52.17966797375103,51.780283850672056,52.026573181152344,2112500.0
2011-02-03,52.44591310555269,52.51247626361212,52.03321340007475,52.3726921081543,698200.0
2011-02-04,52.66560172905263,52.918543884157764,52.619006987889954,52.83866500854492,590500.0
2011-02-07,53.03169592019292,53.51761680553709,52.97179057897745,53.337890625,614600.0
2011-02-08,53.39779506183321,53.69067912859203,53.29128991812281,53.59748458862305,635300.0
2011-02-09,53.56420591872723,53.77721112920913,53.451048011568524,53.743927001953125,941500.0
2011-02-10,51.20783308309137,51.320990990607946,50.72191224721902,51.04808044433594,1581400.0
2011-02-11,51.46076778048382,51.48739406285305,51.074699382240254,51.40752029418945,776500.0
2011-02-14,50.82175206866139,51.02810448672044,50.76849950410138,50.83506774902344,647300.0
2011-02-15,51.52068199214054,51.61387144809629,51.154576930568325,51.29436111450195,615200.0
2011-02-16,51.44082790294697,51.527364638311056,51.06806989967681,51.46079635620117,341900.0
2011-02-17,51.03477197801787,51.420845564839716,50.981519398088196,51.35428237915039,322800.0
2011-02-18,51.7270368548635,52.05985783970635,51.65381583192245,51.96001052856445,397200.0
2011-02-22,51.20117837994874,51.76032026752872,51.121304594898135,51.32765197753906,476700.0
2011-02-23,51.80025573126176,51.960008375401706,50.954892699307656,50.97486114501953,681000.0
2011-02-24,51.287720091303335,51.46078336143612,51.08136761007482,51.32099914550781,413900.0
2011-02-25,51.63383762135554,51.78693747994775,51.46742716040255,51.766963958740234,267900.0
2011-02-28,52.159699007179576,52.40598833519419,51.97997285260429,52.093135833740234,463200.0
2011-03-01,52.705525613182516,52.79871507249682,52.21960479380539,52.24623107910156,603300.0
2011-03-02,52.29073090937337,52.54692912619751,51.91318213980038,52.014312744140625,397900.0
2011-03-03,52.39185459352374,52.64130936545158,52.0614994637824,52.573890686035156,573400.0
2011-03-04,52.553664566973744,52.742444085319875,52.13566563564001,52.688507080078125,579700.0
2011-03-07,52.432309872885234,52.63457107452538,52.101954711007956,52.270503997802734,781800.0
2011-03-08,51.839021172972885,52.661542562140646,51.65699019615335,52.533443450927734,570600.0
2011-03-09,52.31769969556908,52.526704317323656,52.13566872174798,52.49299240112305,374900.0
2011-03-10,51.35359362936126,51.7176606930622,51.25920644362944,51.495174407958984,706500.0
2011-03-11,50.807506236067596,51.50192859512315,50.807506236067596,51.29966735839844,470200.0
2011-03-14,50.88841314938876,51.36034918968026,50.8614446408411,51.326637268066406,663500.0
2011-03-15,49.34448853124309,49.890586548829056,49.216389433304336,49.77597427368164,1094900.0
2011-03-16,49.506298202171465,49.60742880601294,48.0365481716618,48.38039016723633,1569900.0
2011-03-17,49.35122972555081,49.7692338137023,49.169198756799275,49.3714599609375,548900.0
2011-03-18,50.07262123656078,50.09958974043647,49.64787887387997,49.80968475341797,507700.0
2011-03-21,50.47714643801459,50.71985784258069,50.295110312731794,50.591758728027344,564500.0
2011-03-22,50.34903281890927,50.5175820710958,50.21419547464603,50.36251449584961,752600.0
2011-03-23,49.8905934774357,50.47040348880592,49.82991819759572,50.24791717529297,740100.0
2011-03-24,50.160258479454754,50.63219432809105,50.07935298666783,50.36251449584961,399000.0
2011-03-25,50.32207362414726,50.78727129217005,50.26139835112651,50.56478500366211,380900.0
2011-03-28,50.38276536357606,50.5176027630686,50.241179407276704,50.29511642456055,720300.0
2011-03-29,49.90405804136109,50.42993600484808,49.83663937231345,50.35577392578125,458300.0
2011-03-30,50.83446802430368,51.15134151955177,50.57153153754808,51.03672409057617,528600.0
2011-03-31,51.5491197382025,51.77160605924038,51.30640832320057,51.38731384277344,382700.0
2011-04-01,51.69070318317447,52.10870734010304,51.54237896156379,51.839027404785156,379000.0
2011-04-04,52.05475896388195,52.09520914505087,51.683953634496625,51.74462890625,315700.0
2011-04-05,52.33119046204818,52.789644780847745,52.223316437052226,52.701995849609375,446500.0
2011-04-06,52.85705707074884,53.14696204815643,52.66153928191896,52.88402557373047,396200.0
2011-04-07,52.74244622285488,53.24135068227074,52.60760370428563,52.85031509399414,325800.0
2011-04-08,53.09976166926597,53.09976166926597,52.762663140640875,52.924468994140625,276400.0
2011-04-11,52.78288915763516,52.890758013960266,52.432303801218865,52.56714630126953,251900.0
2011-04-12,52.44581053753777,52.472779047788244,51.88622552320446,51.97386932373047,721100.0
2011-04-13,52.68850878750024,52.85705807655576,52.35815362119192,52.46602249145508,337200.0
2011-04-14,52.67502579714225,52.91099893396501,52.47950799036376,52.769412994384766,421200.0
2011-04-15,52.857056239310786,53.33573558634425,52.76266905221776,53.1469612121582,303400.0
2011-04-18,51.99409243704978,52.182866839209254,51.56934488847429,52.021060943603516,553300.0
2011-04-19,52.742443256124794,53.066054995055744,52.68850625173102,52.95144271850586,275100.0
2011-04-20,53.652598818751684,53.76046766467186,53.24133823476895,53.268306732177734,301500.0
2011-04-21,53.74700532934281,53.83464911967483,53.443613482100986,53.53800582885742,271300.0
2011-04-25,53.45708903391142,53.49753921419305,53.26831466764289,53.38292694091797,155500.0
2011-04-26,53.382924433355406,53.65260429123518,53.20089348692294,53.443599700927734,399100.0
2011-04-27,54.084106458894766,54.825722435879236,53.996457520784396,54.71785354614258,621300.0
2011-04-28,54.28635013249835,54.84593497961383,54.28635013249835,54.74480438232422,342400.0
2011-04-29,54.751554384010895,54.96055387150752,54.71110419771257,54.85942840576172,271000.0
2011-05-02,54.95380943476766,55.25719608538507,54.89987242994629,55.12909698486328,401000.0
2011-05-03,54.47512469330999,54.778511313869885,54.25938183911475,54.529056549072266,504800.0
2011-05-04,54.495358793973104,54.50884047421427,53.93577390521461,54.252647399902344,536600.0
2011-05-05,54.63693208567483,55.00099912682187,54.4414143148524,54.461639404296875,871000.0
2011-05-06,55.54709311193257,56.01229071047836,55.10886401194024,55.378543853759766,704400.0
2011-05-09,55.71564132502658,55.94487098657373,55.43247981109927,55.890933990478516,425700.0
2011-05-10,56.1066928364488,56.43030461790527,55.96511203909702,56.389854431152344,462800.0
2011-05-11,57.010111510021375,57.13146720735094,56.214558637242305,56.524688720703125,554100.0
2011-05-12,56.07297728169579,56.70672426621108,55.850490981551125,56.59885025024414,475000.0
2011-05-13,56.72020504856688,56.807853971081734,56.26849418721655,56.61907958984375,377400.0
2011-05-16,56.92246156868628,57.023592162802395,56.450525654431985,56.5179443359375,390100.0
2011-05-17,55.76283621814119,56.308934171193116,55.60103036977676,55.95161056518555,529400.0
2011-05-18,55.513386748268026,56.072971575792565,55.42574297700053,55.94487762451172,440900.0
2011-05-19,56.3494122536293,56.571898599826575,55.95837658038268,56.470767974853516,377800.0
2011-05-20,56.07972094901045,56.3628825266389,55.73587895119521,56.106689453125,284100.0
2011-05-23,55.10886677345857,55.32460962898208,54.91334900693486,55.068416595458984,330700.0
2011-05-24,55.41900930226962,55.51339650136069,55.054947330756406,55.075172424316406,285700.0
2011-05-25,54.85267417397087,55.35832197782848,54.80548058469277,55.08864212036133,273200.0
2011-05-26,55.42575238899521,55.74262590281741,55.18304098026827,55.628013610839844,463300.0
2011-05-27,56.51120054141587,56.976398184965646,56.45726353909098,56.80110549926758,410400.0
2011-05-31,57.441609015348206,57.49554603488527,57.077546992766244,57.36744689941406,513700.0
2011-06-01,57.50228126263787,57.522506356155844,56.71347175313748,56.774147033691406,450300.0
2011-06-02,57.158441846239526,57.66408978209616,56.915730425530995,57.589927673339844,648800.0
2011-06-03,56.699973660170386,57.158427882428654,56.646036659030464,57.04381561279297,476300.0
2011-06-06,57.3135033252034,57.39440369427894,56.416819847363655,56.524688720703125,460900.0
2011-06-07,56.88875325385926,56.996627266062845,56.64604187011719,56.64604187011719,554700.0
2011-06-08,56.059494182806006,56.180849875839456,55.837007888292014,55.90442657470703,527900.0
2011-06-09,56.47750364888987,57.05731371879033,56.295472647277876,56.8955078125,586300.0
2011-06-10,56.57188617271848,56.61907976817662,55.601040616189714,55.735877990722656,622800.0
2011-06-13,56.01904181216533,56.12691583109481,55.67520495018933,55.86397933959961,326700.0
2011-06-14,56.120162798048774,56.14713129815781,55.62125840532016,55.85048294067383,490400.0
2011-06-15,55.196531166973415,55.41227408301386,54.7111083199532,54.91336441040039,707100.0
2011-06-16,54.25265242325989,54.879656058712136,54.19197199726557,54.738075256347656,549400.0
2011-06-17,55.01449406763487,55.16281828427175,54.448170851803255,54.603233337402344,405300.0
2011-06-20,54.73133651603264,54.987529635936596,54.61672421057959,54.77853012084961,282700.0
2011-06-21,55.08865014053899,55.749365630339156,55.0212314522858,55.53362274169922,459000.0
2011-06-22,54.542536825956574,54.886378726723024,54.394212667048905,54.44140625,632300.0
2011-06-23,53.875091359850764,54.38747743934466,53.67283017750833,54.367252349853516,635900.0
2011-06-24,54.29983961840107,54.400970220650294,53.969484451855315,54.16499710083008,454800.0
2011-06-27,54.56952738330164,54.967301294167,54.50884695571049,54.70436477661133,393800.0
2011-06-28,54.218941651995166,54.74481468440286,54.16500463746186,54.589752197265625,989000.0
2011-06-29,54.61671480249201,54.85942619794697,54.34703490268468,54.67064666748047,557500.0
2011-06-30,54.77178562445532,55.26395190242775,54.73807884666247,55.196533203125,353200.0
2011-07-01,55.01449548767241,55.63475573351249,54.89313977490223,55.56733703613281,628900.0
2011-07-05,56.84155191151937,56.882007232439356,56.3426475323722,56.40332794189453,768500.0
2011-07-06,56.3426534717275,56.410072155414,55.877455809973696,56.201072692871094,457700.0
2011-07-07,56.34941089741299,56.47076661571642,56.09321263448511,56.38311767578125,240100.0
2011-07-08,56.30895571715794,56.59886075925204,56.00556899242285,56.28873062133789,358700.0
2011-07-11,55.29764626714315,55.45271387007562,54.98751620499411,55.12909698486328,441500.0
2011-07-12,54.34702726036238,54.818963160874006,54.25264008026006,54.367252349853516,586500.0
2011-07-13,54.64367509893786,55.19651649582947,54.56276959803343,54.80548095703125,435700.0
2011-07-14,54.89313778783114,55.11562411047552,54.24590905772477,54.37400817871094,433700.0
2011-07-15,54.454902893394696,54.56277690905496,54.05038562210106,54.32680892944336,584300.0
2011-07-18,53.91555734962323,54.06388157434183,53.221134973637994,53.62565231323242,482800.0
2011-07-19,53.423383869258444,53.87509989556218,53.38293368386744,53.70655059814453,448300.0
2011-07-20,54.08409419894206,54.49535485675357,53.868351324657,54.28635025024414,451500.0
2011-07-21,55.061689090209875,55.668467654060784,54.92010828259748,55.56733703613281,634900.0
2011-07-22,55.60778923422913,55.94488784583797,55.405528009777186,55.76285171508789,347500.0
2011-07-25,55.49315130239829,55.82351152324269,55.32460205884226,55.43247604370117,464600.0
2011-07-26,56.126924669452244,56.46402331611562,55.62802011263125,56.34941101074219,514200.0
2011-07-27,56.05276398217155,56.05950739551723,55.027986333470935,55.10888671875,848100.0
2011-07-28,55.35833954077946,55.68869477053439,55.12910978890669,55.216758728027344,280500.0
2011-07-29,54.953821882661146,55.45272643097872,54.73807895822244,54.771785736083984,437400.0
2011-08-01,55.493174043972836,55.52688596398536,54.03016724484541,54.589752197265625,502500.0
2011-08-02,54.24589716518818,54.488608528732115,53.504281396010875,53.56495666503906,911600.0
2011-08-03,54.15825629420092,54.38074257997747,53.457090666845495,54.28635025024414,720300.0
2011-08-04,53.7267738696226,54.00993544519378,51.879469929068826,51.89970016479492,1123100.0
2011-08-05,52.98514352695995,53.40314754840714,51.778335337654624,52.72895050048828,1254700.0
2011-08-08,51.42777246653414,52.20984385287373,49.95802205403172,50.011959075927734,1073300.0
2011-08-09,50.61198864898413,50.8749251717261,48.724234243112484,50.53782653808594,2335900.0
2011-08-10,50.187245124900926,50.416469721779684,48.8995259035697,49.08156204223633,1873900.0
2011-08-11,49.31077968898009,50.962560667399714,49.31077968898009,50.67266082763672,2295900.0
2011-08-12,51.47495461938919,51.859246813371186,51.04346882768015,51.852508544921875,2860400.0
2011-08-15,52.20984742699317,52.83010779010578,52.18287891419899,52.78965759277344,837700.0
2011-08-16,51.99407594957028,53.17392073265129,51.99407594957028,52.60084915161133,934600.0
2011-08-17,52.735693276987575,53.02559820985479,52.36488284760561,52.499725341796875,668200.0
2011-08-18,51.373833176181165,51.427770195695544,50.53108653520892,51.09067153930664,726700.0
2011-08-19,49.728792334029265,50.55131383070107,49.25011288708618,49.31753158569336,1158900.0
2011-08-22,50.68613935089685,50.68613935089685,49.71529385855221,49.77597427368164,593400.0
2011-08-23,49.99846215043262,50.787271566254915,49.64787675870097,50.74007797241211,1262400.0
2011-08-24,48.81188773285752,49.8838590188392,48.76469412549451,49.70182800292969,1180900.0
2011-08-25,51.562613563923314,51.88622539871787,50.94909153056103,51.191802978515625,1661600.0
2011-08-26,52.142394654485095,52.72220449869736,51.34684711500527,52.486236572265625,1040100.0
2011-08-29,52.89750883295184,53.80767397496782,52.870540329164896,53.78744888305664,631200.0
2011-08-30,52.695251196575015,53.20089905411971,52.095211006736584,52.88402557373047,672800.0
2011-08-31,53.80767689928125,54.495360923932054,53.74025820800791,54.11106872558594,745800.0
2011-09-01,54.3268169005755,54.58301000978443,54.03016845770004,54.077362060546875,593000.0
2011-09-02,53.90206002697137,54.48861339857754,53.706547380152024,54.29983901977539,895800.0
2011-09-06,52.60759891381228,53.09302164902646,52.04801408606729,52.90424728393555,1305600.0
2011-09-07,53.49705014967239,54.17867660522461,53.33180976024939,54.17867660522461,514800.0
2011-09-08,53.73115150204121,54.28884116152998,53.39378413729225,53.43509292602539,477400.0
2011-09-09,52.75348138597907,52.96003062067257,52.1269366257415,52.30595016479492,587400.0
2011-09-12,51.293827558314014,52.0649581321129,51.28694100997817,52.0098762512207,907700.0
2011-09-13,52.250858121633954,52.581344187028044,51.76890474803611,52.4229850769043,689600.0
2011-09-14,53.02198984313059,53.83442929853071,52.471181473982135,53.476402282714844,754200.0
2011-09-15,53.627861476696246,53.82752932941011,53.07705324487202,53.78622055053711,596500.0
2011-09-16,53.662291131785445,54.15801750990121,53.538359537256504,54.06850814819336,708900.0
2011-09-19,52.333486072756415,52.774130701139796,52.00299997501972,52.48495864868164,705300.0
2011-09-20,53.21476258454095,54.13736041272494,52.98755377506983,53.68983459472656,448900.0
2011-09-21,53.39378771346218,53.634764418708535,52.25086212158203,52.25086212158203,622500.0
2011-09-22,50.791230335223574,51.204339317099425,50.44697635225964,51.025325775146484,996100.0
2011-09-23,51.07351285992755,51.84464354805617,50.99777657569625,51.748252868652344,618000.0
2011-09-26,52.6432949910466,53.31114826092089,52.15445518337183,53.24917984008789,941600.0
2011-09-27,54.495380241622314,55.08061067951286,54.302598944707434,54.46095275878906,771500.0
2011-09-28,54.59178272465927,54.77079621898579,53.27673033821442,53.29738998413086,683000.0
2011-09-29,53.944586403509234,53.9859004444937,52.62265265575734,53.26985168457031,1025600.0
2011-09-30,52.50561693124253,52.97380254016641,52.15447641132494,52.27840805053711,923200.0
2011-10-03,52.00299460494528,52.84986153157649,51.741363525390625,51.741363525390625,815300.0
2011-10-04,51.101062364998114,52.08562897204326,50.419440945628075,52.03743362426758,821700.0
2011-10-05,52.257735012777886,52.73280174955529,51.92036771360906,52.69837951660156,558900.0
2011-10-06,52.670861123916985,54.040990550315634,52.36791592802819,54.02033615112305,688700.0
2011-10-07,54.85340768864185,54.86029423651454,54.006546151693975,54.09605026245117,645600.0
2011-10-10,54.51605054840131,55.12193555174669,54.51605054840131,54.798336029052734,383900.0
2011-10-11,54.77080338794305,54.99800699378741,54.60555771636761,54.92915725708008,424400.0
2011-10-12,55.383565788256696,56.40255432946422,55.32159735846988,56.21665954589844,776800.0
2011-10-13,55.69337866298284,56.2854956119766,55.52813831181361,56.19599151611328,501900.0
2011-10-14,56.347480274885534,56.712393850101265,56.08584918129314,56.602230072021484,1439800.0
2011-10-17,55.817328589316766,55.92060581258554,54.75013937036907,54.88784408569336,891700.0
2011-10-18,54.94980603144429,56.38879007004112,54.66063401511685,55.88617706298828,540600.0
2011-10-19,57.53859126205496,58.10316739521034,57.159909906262925,57.34580993652344,777300.0
2011-10-20,57.51793127324437,57.73825351711135,57.03597275341891,57.5385856628418,551000.0
2011-10-21,58.48872466072671,58.67462467386984,57.999884843741306,58.337257385253906,632900.0
2011-10-24,58.660866457411935,59.12905200344133,58.59201672329837,58.94315719604492,564600.0
2011-10-25,58.006770045666435,58.068733213345645,57.20809864293516,57.33891677856445,653800.0
2011-10-26,58.13760346016663,58.17891224947561,57.097955155074644,58.068748474121094,403500.0
2011-10-27,58.3923472803753,59.01200537688309,57.83465761996722,58.702178955078125,565300.0
2011-10-28,59.039540012325865,59.21166695113731,58.268409435407555,58.35103225708008,683800.0
2011-10-31,58.220219499719704,58.3441511172684,57.03598521045387,57.06352615356445,630800.0
2011-11-01,56.08583885182621,57.21499110469492,55.87240313722818,56.595333099365234,796800.0
2011-11-02,56.58156468184393,56.78811909915654,56.209769882419465,56.55402374267578,394000.0
2011-11-03,57.44909763378362,58.26841841684525,56.815666409119075,58.20645523071289,609100.0
2011-11-04,57.82776981533933,58.04809210565881,57.1530350993787,57.82088851928711,429000.0
2011-11-07,57.559253545503616,58.27530231915192,57.51105820751277,58.23399353027344,344300.0
2011-11-08,58.52316114543642,59.087737313429436,58.378575142365975,59.012001037597656,410100.0
2011-11-09,57.76579562855321,58.041199752209906,57.022206070549146,57.35957336425781,454400.0
2011-11-10,57.71760622080126,57.71760622080126,56.62976270987368,57.29072952270508,448500.0
2011-11-11,58.04122825695541,58.80547258030637,57.993032905613425,58.784812927246094,355600.0
2011-11-14,57.96547133005531,58.02054795992154,57.407776459643486,57.600563049316406,607400.0
2011-11-15,58.37168926827478,58.71594316134354,58.075630710119746,58.53004837036133,412500.0
2011-11-16,57.07729879987589,57.80022885244075,56.99467597119801,57.11172103881836,537400.0
2011-11-17,57.76581640718682,58.15137916725687,57.25632200953731,57.545494079589844,612500.0
2011-11-18,57.373362724982705,57.497294353118214,56.760591133895524,57.00156784057617,406400.0
2011-11-21,55.7622409450405,55.97568191852827,55.38356483602173,55.7553596496582,689300.0
2011-11-22,56.27863295611489,56.77435947295967,56.017001851290495,56.39568328857422,545200.0
2011-11-23,55.218320174218874,55.3422517809628,54.70193935493541,54.77767562866211,844500.0
2011-11-25,55.30095637537871,55.844878266963356,55.053093101924986,55.087520599365234,356900.0
2011-11-28,56.62288215940037,56.7881278197851,56.292401344426594,56.492069244384766,470700.0
2011-11-29,56.457657783292,57.352720312723434,56.3612670804793,56.95338439941406,820600.0
2011-11-30,58.67463955597344,59.13593855272209,58.50939914352131,58.94315719604492,570100.0
2011-12-01,58.950054230002635,59.27364856317966,58.275314108727336,58.44744110107422,476500.0
2011-12-02,58.289074546781045,58.40611961545383,57.88973875059389,58.12382888793945,391000.0
2011-12-05,58.70219617858161,58.72285057904232,57.94483839525876,58.302860260009766,317200.0
2011-12-06,58.49561779381492,58.853644765340455,58.254641131959616,58.60578155517578,362600.0
2011-12-07,58.69529503222916,59.41823038598477,58.56447685797481,59.232330322265625,470800.0
2011-12-08,59.35626956537731,59.500855604106164,58.8398886043891,58.936279296875,565300.0
2011-12-09,58.523169814924586,58.92938694283702,58.38547034004878,58.743492126464844,712500.0
2011-12-12,59.17724288124665,59.24609786306724,58.86052992588282,59.163475036621094,508100.0
2011-12-13,59.41823391168028,59.74871476228255,58.660871018845064,58.81234359741211,466100.0
2011-12-14,58.4887197603485,58.55068817716985,57.88283495053033,57.9310302734375,789400.0
2011-12-15,58.25464455877424,58.31660773851175,57.779572502529746,58.185794830322266,360300.0
2011-12-16,58.137591447026495,58.30283182301623,57.50416037542163,57.76579666137695,655500.0
2011-12-19,57.94483018825681,58.09629752114881,57.52483992870947,57.66942596435547,699900.0
2011-12-20,58.22709757308021,58.523156102301854,58.165134399774225,58.42676544189453,449400.0
2011-12-21,58.1031726923577,58.39923125581421,57.76580534192044,58.31660842895508,563700.0
2011-12-22,58.426771932643724,59.09462533458554,58.254644983809136,58.9569206237793,551700.0
2011-12-23,59.10152440552837,59.342506408691406,58.970711457041816,59.342506408691406,237500.0
2011-12-27,59.37692324313449,59.76249126130007,59.25987815409258,59.65921401977539,212700.0
2011-12-28,59.810675164580076,59.89329273967529,59.41133937529419,59.4526481628418,233200.0
2011-12-29,59.404456212348975,60.01722777608797,59.32183863254471,60.00345993041992,457700.0
2011-12-30,59.91393456809536,60.23753401041245,59.80377607343865,60.18933868408203,289900.0
2012-01-03,60.66442554060792,61.57325566937404,60.55426176601911,61.001792907714844,843100.0
2012-01-04,60.74016687876717,60.926061697738355,60.471649221976385,60.76770782470703,404900.0
2012-01-05,60.49228858751011,60.59556579589844,60.15492127614547,60.59556579589844,373400.0
2012-01-06,60.285738498003894,60.29951159498937,59.65919916049698,59.87263488769531,308700.0
2012-01-09,60.51983482589186,60.51983482589186,60.02410838453834,60.33393478393555,302600.0
2012-01-10,60.58181066750574,60.650660409218695,60.196247911594355,60.361488342285156,509500.0
2012-01-11,58.86740989403796,59.51460882994039,58.729710451584985,59.363136291503906,679500.0
2012-01-12,59.2323278283851,59.43888227873238,58.96381019467236,59.29429626464844,868900.0
2012-01-13,58.447433527873415,58.826114963129285,58.13760708295371,58.743492126464844,842500.0
2012-01-17,59.390678285114596,59.4870689471226,58.963801601295515,59.09461975097656,566200.0
2012-01-18,59.26675742866389,59.61101135621947,59.14971235399053,59.57658386230469,677500.0
2012-01-19,58.68153587838451,59.032671156712965,58.626453980760836,58.96382141113281,794100.0
2012-01-20,59.769354479089095,59.769354479089095,59.23231928908595,59.44575500488281,867300.0
2012-01-23,59.638534247653546,59.790001517493124,59.15657574323005,59.51460266113281,751700.0
2012-01-24,60.28575096904692,60.588696130627575,60.16870588494476,60.574928283691406,580300.0
2012-01-25,60.77458837290462,61.27720143754397,60.437220981868975,61.24966049194336,1112000.0
2012-01-26,61.70407600829886,61.7247304035361,60.967372811748156,61.22900390625,1204700.0
2012-01-27,61.235880465211565,61.51816590889678,60.79523592904642,61.38046646118164,925900.0
2012-01-30,60.9329334859098,61.394232399627604,60.912279094683186,61.27718734741211,675900.0
2012-01-31,61.31164478246972,61.35984013650524,60.75394968245911,60.99492645263672,391200.0
2012-02-01,62.23423827923194,62.72307833343563,62.199810777751715,62.51652908325195,810000.0
2012-02-02,62.10341530177729,62.4270148803717,61.9726023625893,62.37193298339844,360400.0
2012-02-03,63.12240166021028,64.02434528796113,62.95027469290526,63.93484115600586,1132800.0
2012-02-06,63.88663669386211,64.20334963813687,63.790246026165335,64.04499053955078,581200.0
2012-02-07,64.05877714595574,64.54073058607885,63.92795896096581,64.47876739501953,615700.0
2012-02-08,64.02433414983085,64.1344979111323,63.46664455370968,63.7971305847168,487600.0
2012-02-09,64.04499053955078,64.08630457777612,63.542382808402934,64.04499053955078,473800.0
2012-02-10,64.29285989724922,64.33417393942004,64.04499665581599,64.30663299560547,588000.0
2012-02-13,64.85742203780906,65.24298991463898,64.74726353935536,65.09840393066406,793300.0
2012-02-14,65.11907267743432,65.19480895996094,64.63023274206115,65.19480895996094,649200.0
2012-02-15,65.13972646647245,65.16726741012587,64.38236890114607,64.65088653564453,1052300.0
2012-02-16,64.75414847596696,65.58724212646484,64.69218005414987,65.58724212646484,579200.0
2012-02-17,65.20859021399319,65.42202600705711,64.99515442092927,65.38760375976562,412100.0
2012-02-21,64.72661579701702,64.76792458156773,64.39612976191943,64.43055725097656,497600.0
2012-02-22,64.49941950605592,64.86432784820158,64.45811071348044,64.71974182128906,374700.0
2012-02-23,64.67153471871079,64.98136111248283,64.45121244354243,64.85742950439453,326000.0
2012-02-24,65.22235240193675,65.33939747836156,65.03645233665202,65.13284301757812,563100.0
2012-02-27,64.76793292017466,65.51840920448291,64.67154224188157,65.27054595947266,352500.0
2012-02-28,65.42888755555808,65.9315005006231,65.31872905226116,65.92461395263672,470400.0
2012-02-29,66.6820079138306,66.83515670806555,66.4105188007878,66.52189636230469,787600.0
2012-03-01,66.92563820551558,67.46165888039162,66.91171800468676,67.26673889160156,581800.0
2012-03-02,66.59848729418205,66.65417874428114,66.19473224750706,66.5915298461914,410200.0
2012-03-05,67.55217899602914,67.7331735413742,67.16930694068932,67.58002471923828,921200.0
2012-03-06,66.57758460114248,66.61935052082701,65.85361189745505,65.93714904785156,876200.0
2012-03-07,66.08333901962332,66.34786537845002,65.97195614578403,66.13903045654297,587200.0
2012-03-08,66.76555967386973,67.16235194981361,66.7237884320138,67.13450622558594,473200.0
2012-03-09,67.28762137728623,67.46165308333836,66.95347816481463,67.43380737304688,319100.0
2012-03-12,67.32940308337838,67.76099841658758,67.19713725621946,67.44078063964844,463200.0
2012-03-13,67.19016642994043,68.0533676147461,67.17624622871374,68.0533676147461,447300.0
2012-03-14,67.45472353351089,67.53129794675071,67.00920257158582,67.30157470703125,803200.0
2012-03-15,66.91869328203542,67.0091932001324,66.53582658041026,66.86996459960938,655800.0
2012-03-16,67.41294365004032,67.55913501005092,66.86996537924017,67.01615142822266,566000.0
2012-03-19,66.97439706529116,67.14842886474707,66.89085988958186,66.9535140991211,505600.0
2012-03-20,66.50798865126433,67.11362118467204,66.44533444593245,67.00920104980469,373500.0
2012-03-21,67.09967907829291,67.50343400074362,67.00222172611893,67.38509368896484,344400.0
2012-03-22,66.91172766391779,67.26674860208264,66.87691919028087,67.12752532958984,369600.0
2012-03-23,66.68897590419581,67.03007668383127,66.29218368391797,66.96742248535156,455700.0
2012-03-26,68.18563291016164,68.4292815924913,68.06729260281861,68.3109359741211,537100.0
2012-03-27,68.12994199905994,68.22043658460048,67.87237313263823,68.0533676147461,327600.0
2012-03-28,67.9559184343582,67.99072159711808,67.16929153939509,67.44078063964844,337900.0
2012-03-29,66.96739836444728,67.44076481735011,66.82817512401606,67.43380737304688,359800.0
2012-03-30,67.14146104956846,67.2946098713214,66.86301444023076,67.17626953125,569100.0
2012-04-02,67.7958012409817,69.27159224353188,67.66353542484444,69.11148071289062,753100.0
2012-04-03,68.63812362806198,68.93049570402296,67.89326792347889,68.21348571777344,460000.0
2012-04-04,67.5382587868326,67.86543942146771,66.77251992700116,67.40599822998047,1046400.0
2012-04-05,67.11361614977525,67.35029681409192,66.88389293250675,67.2319564819336,617300.0
2012-04-09,66.82819945411035,67.19018319763441,66.62632196426935,67.01615142822266,243400.0
2012-04-10,67.35724876298865,67.4129348855792,66.01372346536267,66.20167541503906,656700.0
2012-04-11,66.52190132374467,67.0022307031194,66.48013539893925,66.91869354248047,517200.0
2012-04-12,67.54521405394819,68.4641016460304,67.48256516202436,68.07427215576172,536600.0
2012-04-13,67.55216957563366,67.58001529495961,67.03703704567336,67.4129409790039,532500.0
2012-04-16,68.33183741912491,68.45713519621603,67.89327395519327,68.1856460571289,687300.0
2012-04-17,69.59181263468076,69.7797645759315,69.0418717021681,69.42474365234375,806100.0
2012-04-18,70.2949297537929,70.46896156062826,69.93294062139896,70.34365844726562,673800.0
2012-04-19,70.88660245892764,71.13720856412344,70.40627320546456,70.81002807617188,678900.0
2012-04-20,71.1998749208685,71.1998749208685,70.61513073915556,70.8448486328125,880400.0
2012-04-23,70.09302075042403,70.12782390954774,69.36208536547657,70.05821228027344,475100.0
2012-04-24,69.90508055941274,70.41325566801243,69.8285061552261,70.13480377197266,483400.0
2012-04-25,70.44805064363854,70.78915669936045,70.33667308479097,70.65689086914062,772300.0
2012-04-26,70.57335950401321,70.92142303437414,70.48286489808945,70.8448486328125,404300.0
2012-04-27,70.83094045055832,71.41568473151968,70.74044582927493,71.14419555664062,348400.0
2012-04-30,70.37843898770848,70.47589634331082,70.01645528276084,70.39236450195312,471600.0
2012-05-01,70.93535111721312,71.22772321865176,70.78220230854673,71.15811157226562,674200.0
2012-05-02,70.81002832541326,72.57122851294147,70.78914536841121,72.40415954589844,1092700.0
2012-05-03,72.62693475292919,72.86361539526449,71.9377651651293,72.21621704101562,729000.0
2012-05-04,72.43897720120374,72.55036007554143,71.49224401344436,71.63843536376953,377000.0
2012-05-07,71.39478011709372,71.94472105897171,71.39478011709372,71.83334350585938,455300.0
2012-05-08,70.44805911006179,70.57336219821642,69.49436839952273,69.91900634765625,1338000.0
2012-05-09,69.12542587635096,70.20441973722133,68.93746857777396,69.67536163330078,1123300.0
2012-05-10,68.98618420816175,69.39690189733818,68.82607797333426,68.91657257080078,859800.0
2012-05-11,69.00011548580851,70.14872087577584,69.00011548580851,69.45955657958984,346400.0
2012-05-14,68.57545692158898,69.45953567703073,68.3248508327497,68.96528625488281,487400.0
2012-05-15,68.89569802803882,69.34818169270861,68.63812909620447,68.7982406616211,321300.0
2012-05-16,68.71468604906364,68.78429767725073,68.03248465739264,68.0533676147461,645600.0
2012-05-17,67.60089772642732,67.71227529182956,66.78643035888672,66.78643035888672,790700.0
2012-05-18,65.91628083146573,66.11815834014054,65.56125450165634,65.83970642089844,876000.0
2012-05-21,66.05550212953634,66.79339517874455,65.83970442141586,66.73770904541016,466600.0
2012-05-22,66.11814593830249,66.80731019311239,66.08333746329056,66.3757095336914,564000.0
2012-05-23,65.18530662844516,65.32452985015486,64.42653104138405,65.03215789794922,742000.0
2012-05-24,65.17838253311594,65.69352044324008,64.93473909509972,65.48468017578125,549900.0
2012-05-25,65.36632330537807,66.13206190736314,65.36632330537807,65.8605728149414,484300.0
2012-05-29,66.85603807450771,67.0300698254375,66.59151172506436,66.84907531738281,565100.0
2012-05-30,66.48707857562005,66.54972744437745,65.78398895263672,65.78398895263672,367600.0
2012-05-31,66.27128654391315,66.65415850831967,65.54731915653471,66.36874389648438,428400.0
2012-06-01,65.42201971700473,65.75615771263635,64.77462137556232,65.01826477050781,546700.0
2012-06-04,65.08788715356607,65.67959415639278,64.83031820152286,65.33849334716797,370900.0
2012-06-05,65.15053287397328,65.42898477675278,64.99042661481916,65.37329864501953,298200.0
2012-06-06,67.05792331997306,68.26918295983283,66.98134891580102,68.13691711425781,1684200.0
2012-06-07,69.1671787128132,69.1671787128132,67.87238207601925,67.9419937133789,530100.0
2012-06-08,68.40143719042558,68.82607506471787,68.24828840808709,68.64508056640625,553600.0
2012-06-11,69.22981847088028,69.24374398313377,67.92806455959861,68.0533676147461,666000.0
2012-06-12,68.83304621744408,69.04188647331601,68.24133924051138,68.88177490234375,599700.0
2012-06-13,69.2437552188005,69.50131881598834,68.77735139213766,69.04187774658203,385100.0
2012-06-14,69.2228638413973,69.43866149086281,68.95137476270615,69.16020965576172,564700.0
2012-06-15,69.40384777077327,69.66141662819138,69.07667259862804,69.33423614501953,571300.0
2012-06-18,69.50130283374608,70.22527540214257,69.32031367491679,69.77975463867188,421300.0
2012-06-19,69.42472922911533,70.08604757545243,69.4177664739149,69.57091522216797,428000.0
2012-06-20,69.96772478086659,70.63600604944348,69.8006504804518,69.96076202392578,586600.0
2012-06-21,69.81457435808636,70.21832927475148,69.00010707900579,69.04883575439453,426500.0
2012-06-22,69.63358356490502,69.67534948573889,68.98618523684218,69.20198822021484,276200.0
2012-06-25,69.19502019060744,69.22982335164123,68.51281343981348,68.66596221923828,772500.0
2012-06-26,69.19502416939252,70.00252871957309,69.06275834118802,69.84242248535156,480900.0
2012-06-27,70.38539859749723,70.78915351609707,70.23224981381955,70.336669921875,601300.0
2012-06-28,69.73102534865346,70.60814666748047,69.29943010034641,70.60814666748047,410400.0
2012-06-29,72.04218898929295,72.04218898929295,71.44351928419343,71.74981689453125,855300.0
2012-07-02,71.65235843737732,72.43898010253906,71.6175499599957,72.43898010253906,747300.0
2012-07-03,72.08396073816662,72.3345669100402,71.83335456629305,72.11180114746094,356900.0
2012-07-05,71.42959093211529,71.63843115371144,71.33909633530493,71.38782501220703,235300.0
2012-07-06,71.64539546460477,72.0004217509252,71.54793810146238,71.77069854736328,611000.0
2012-07-09,71.812472458092,71.8403128677175,71.15811130030136,71.37390899658203,366100.0
2012-07-10,72.2022894104112,72.27886380117914,71.4435082594454,71.73588562011719,603000.0
2012-07-11,72.46681550798904,72.48769846703455,71.54096537610563,71.9516830444336,466100.0
2012-07-12,71.30430020361975,71.79158705698663,70.99104512803079,71.64540100097656,310400.0
2012-07-13,72.00739432167022,72.7731331268693,72.00043156306032,72.65479278564453,446500.0
2012-07-16,72.99587883697697,73.03068731195644,72.43201765729737,72.66173553466797,616600.0
2012-07-17,72.99587987420779,73.35786358841081,72.7243907607986,73.21167755126953,626100.0
2012-07-18,73.48318344708186,73.65025779428134,73.31611441091125,73.59456634521484,534000.0
2012-07-19,73.96349019906275,74.28370796636601,73.71984682296541,73.90779876708984,527200.0
2012-07-20,74.23498297702649,74.3254775752052,73.30217534478786,73.44139862060547,986400.0
2012-07-23,72.1187559900284,72.20229314182716,71.59666074109815,71.79853820800781,752000.0
2012-07-24,71.86119582969403,71.90296175207322,70.97014876772512,71.28340911865234,566000.0
2012-07-25,71.4435122281141,71.95168727589149,71.26252303172437,71.49224090576172,663100.0
2012-07-26,74.24194862718464,74.38117190842752,73.80338520031688,74.06791687011719,1002800.0
2012-07-27,74.61089194214462,75.02856707920971,74.44382294952409,74.63177490234375,975200.0
2012-07-30,75.16780510768784,75.68293766440823,75.10515090819271,75.59243774414062,1178300.0
2012-07-31,75.35574014154132,75.35574014154132,74.3045869905856,74.41596984863281,884100.0
2012-08-01,75.7316597320776,76.10756896312431,74.750118076951,74.99376678466797,1438800.0
2012-08-02,74.6248150406285,74.80580955442252,73.59455001662998,74.0191879272461,1139300.0
2012-08-03,74.01918293857564,74.39509214449218,73.93564578914062,74.241943359375,1330700.0
2012-08-06,73.82427615898959,74.04007384607752,73.58062744140625,73.58062744140625,1117100.0
2012-08-07,74.5621756329363,74.91720194829526,74.24892055593206,74.62482452392578,428100.0
2012-08-08,74.68747713042532,74.83366318397294,74.2698019329995,74.4229507446289,490200.0
2012-08-09,74.34637633881421,74.68747713042532,74.29764765429833,74.4229507446289,296900.0
2012-08-10,73.74769879648808,74.67354370421646,73.6084702047422,74.63874053955078,279700.0
2012-08-13,74.17235171466066,74.39511219549853,73.89389978585612,74.23500061035156,254000.0
2012-08-14,74.53432019433639,74.85453798782578,74.23498536178774,74.49951171875,307500.0
2012-08-15,75.0007255757017,75.05641701337996,74.5900131726371,74.88238525390625,681100.0
2012-08-16,74.43687041554394,74.69443935243834,74.26980139997829,74.59001922607422,327000.0
2012-08-17,73.86605046418403,73.92869935682357,73.58063579052774,73.81732177734375,509900.0
2012-08-20,74.01918083420396,74.17928706061838,73.65023439565302,74.11663818359375,340300.0
2012-08-21,74.04703682815659,74.15841439533612,73.62935634590646,73.71985626220703,872000.0
2012-08-22,74.47166629745469,74.6108895683711,73.80337972617932,74.10271453857422,883300.0
2012-08-23,74.62481163528231,75.41839598359088,74.24194497518397,74.79884338378906,679600.0
2012-08-24,75.20259643614114,75.7107714659369,74.7153096769074,75.16779327392578,507400.0
2012-08-27,75.19563712226335,75.55066338369053,75.14690844410883,75.18171691894531,291500.0
2012-08-28,75.19562561536742,75.7246835479621,75.14689694466966,75.59938049316406,466400.0
2012-08-29,76.00315228758122,76.2189499756992,75.73862591791953,75.89176940917969,311500.0
2012-08-30,77.1447842398111,77.27008729651679,76.43473712583005,76.50434875488281,1251600.0
2012-08-31,76.94988573537385,76.99861441706032,75.79431226819764,76.03099822998047,933700.0
2012-09-04,77.54855481387675,77.63904941885208,77.27010293030071,77.43717193603516,652700.0
2012-09-05,78.29827563980751,78.84264953958665,78.07204156025897,78.36897277832031,1382000.0
2012-09-06,79.16078428875475,79.65566958676742,79.04766456701174,79.29511260986328,831100.0
2012-09-07,77.64785921652421,77.87409331320812,76.99036553024808,77.22367095947266,931900.0
2012-09-10,76.5732421875,76.92673329595505,76.54496225156204,76.5732421875,561700.0
2012-09-11,77.26609196442259,77.33678911176467,76.735855268587,76.84190368652344,697600.0
2012-09-12,75.83090767867448,76.26216722600093,75.50569653367918,75.90867614746094,650500.0
2012-09-13,76.39649341677436,77.43575809489174,76.23389053428497,77.27315521240234,765500.0
2012-09-14,76.57324808302369,77.30851029248099,76.49547960166832,76.86311340332031,508200.0
2012-09-17,77.11056503900308,77.47112754937132,76.87725956795025,76.9903793334961,746300.0
2012-09-18,78.26293216470577,79.30926825793426,78.09325793661476,78.46089172363281,999100.0
2012-09-19,78.35482974115617,78.50329533925961,78.04375588198006,78.15687561035156,428600.0
2012-09-20,78.4467384443736,78.75074098357194,78.17101583833856,78.66590118408203,548000.0
2012-09-21,78.7224664558277,79.0971661567399,78.46088649533598,78.62348937988281,328100.0
2012-09-24,78.75074930942229,79.2597773724868,78.6588435623092,79.09010314941406,425000.0
2012-09-25,80.39801779224989,80.86462324609649,79.56377856861268,79.6203384399414,855200.0
2012-09-26,79.83242952018617,79.92434065915803,79.1749358519201,79.39410400390625,769900.0
2012-09-27,79.79001428811192,80.20713121151826,79.51429165206623,79.97383117675781,462700.0
2012-09-28,79.8394991392262,79.85363640977054,79.21735675219952,79.69810485839844,543300.0
2012-10-01,80.8222169995897,81.30296518338446,80.16472323930932,80.32733154296875,604100.0
2012-10-02,80.56063160460609,80.94240269707666,80.07988342081133,80.32733154296875,435600.0
2012-10-03,80.62426233021858,80.93533626898636,80.20007402798329,80.7727279663086,680900.0
2012-10-04,82.27857710481483,82.41290543351643,81.9038774445899,82.02406311035156,789900.0
2012-10-05,82.36342887266633,82.68864004756294,81.69886385787753,81.9463119506836,679900.0
2012-10-08,81.3241599433339,81.61402522846451,81.23932553312672,81.3665771484375,314200.0
2012-10-09,80.52528333473974,80.71616617838404,80.15764952601079,80.17886352539062,306200.0
2012-10-10,79.8889899091636,80.17178387256705,79.59912461336735,79.74052429199219,374300.0
2012-10-11,80.56768839550631,80.59596832990113,79.99503455708772,80.1222915649414,315800.0
2012-10-12,80.38386405348933,80.62424077659811,80.10107552349612,80.22833251953125,335400.0
2012-10-15,80.89997813778378,80.91411540932609,80.2354131045196,80.55355834960938,387100.0
2012-10-16,81.51503510680838,81.52917237496479,81.0130730888111,81.39484405517578,341600.0
2012-10-17,80.76564284369482,81.28881354118145,80.73736290919452,81.02015686035156,448800.0
2012-10-18,79.87485837344147,80.3343925288908,79.87485837344147,79.95262145996094,417900.0
2012-10-19,80.32731763127883,80.38387210663602,79.71224118984755,79.79708099365234,282900.0
2012-10-22,80.66666227924858,80.77978201235487,79.83242312604987,80.20712280273438,349900.0
2012-10-23,79.0688900972032,79.18200984316826,78.47502761242568,78.99112701416016,376500.0
2012-10-24,79.64155673626414,79.92435073348,79.42238855665222,79.55671691894531,290800.0
2012-10-25,80.81512749633644,81.18276123332458,80.52526762087054,80.6242446899414,421300.0
2012-10-26,80.68081202038408,80.93532604835424,80.15057536108729,80.50406646728516,355000.0
2012-10-31,80.8575590295117,81.16156160206998,80.48992525189193,80.7656478881836,599900.0
2012-11-01,81.97460093705227,82.35637205150738,81.84734389890056,82.17962646484375,458300.0
2012-11-02,81.91095775529917,82.11598323963906,81.23932682585676,81.46556091308594,355600.0
2012-11-05,81.26052782323823,81.36657082775965,80.67373136027365,80.82219696044922,1229200.0
2012-11-06,81.86146692374777,82.17960674586583,81.56453570392479,82.1089096069336,393000.0
2012-11-07,81.54332827753774,83.73497751793487,80.75151162754834,81.44435119628906,413700.0
2012-11-08,81.08377854624877,81.39484700155623,80.4899107791248,80.56060791015625,367100.0
2012-11-09,80.8504947049047,81.2322657868256,80.59598065029078,81.07672882080078,857300.0
2012-11-12,81.06963270529249,81.24637822286425,80.61009328083689,80.6171646118164,426300.0
2012-11-13,81.26761451688753,81.7978512503005,81.06966033276221,81.57161712646484,445300.0
2012-11-14,81.50090046899035,81.65643740324995,80.80806099036485,80.94945526123047,516500.0
2012-11-15,80.70201908592634,81.02723025016978,80.59597067731853,80.92825317382812,587800.0
2012-11-16,81.10498659917643,81.10498659917643,80.31316471296655,80.8575439453125,493100.0
2012-11-19,81.51505065677071,82.46240422547798,81.51505065677071,82.2785873413086,502100.0
2012-11-20,83.02798814433419,83.27543082617814,82.77347413048157,83.18352508544922,423500.0
2012-11-21,83.09869623655797,83.38855616097,82.74520510337226,83.24716186523438,659700.0
2012-11-23,85.24083616600794,85.34688456548093,84.88734509699508,85.32567596435547,483500.0
2012-11-26,84.8024931893155,84.85905304680408,84.46314483207381,84.61161041259766,481900.0
2012-11-27,85.21962439361883,85.29739285741532,84.70352507877347,84.75301361083984,694900.0
2012-11-28,84.68233538617565,85.12773766806713,84.4348926705952,85.02875518798828,566300.0
2012-11-29,84.72474259705115,85.04288781711831,84.54799705051808,84.88027954101562,812400.0
2012-11-30,84.32177005112649,84.67526117389173,84.08139867669244,84.53386688232422,591400.0
2012-12-03,84.59748822066133,84.8378595670553,84.35004014851407,84.50557708740234,717600.0
2012-12-04,84.8237222970863,84.8378595670553,84.3429742104525,84.50557708740234,465300.0
2012-12-05,84.71768808106741,84.76010529192365,84.24401124701694,84.47024536132812,491900.0
2012-12-06,84.73181062169942,84.73181062169942,84.0955256002484,84.1591567993164,298900.0
2012-12-07,85.04995522203403,85.19134949519314,84.73888134846906,85.15599822998047,594000.0
2012-12-10,85.54484464400075,85.82056726547786,85.33981916246849,85.62968444824219,497800.0
2012-12-11,84.57629557036314,84.83788097849852,83.93294444441008,84.13796997070312,605300.0
2012-12-12,84.26519810992905,84.45608090337635,83.84807586669922,83.84807586669922,401300.0
2012-12-13,83.81982264408828,83.94001373854465,83.35321711484457,83.4663314819336,402300.0
2012-12-14,83.89051511669354,84.13795782171556,83.24715868978986,83.31785583496094,688800.0
2012-12-17,83.77032837341798,84.14502811668454,83.70670255762406,84.03191375732422,607500.0
2012-12-18,83.89052230805812,84.5338733962655,83.85517103551895,84.52680206298828,745000.0
2012-12-19,85.07822472405823,85.17013585063074,83.95412575561829,84.08138275146484,774800.0
2012-12-20,85.141873496802,85.15601076866123,84.72475116002622,84.78131103515625,1372500.0
2012-12-21,83.1623122558668,83.52994601163078,82.36342433075222,82.5613784790039,855700.0
2012-12-24,83.26837589184176,83.26837589184176,82.01701957218064,82.4553451538086,263400.0
2012-12-26,82.37757349525461,82.95023281406186,82.17255337913913,82.51190185546875,354600.0
2012-12-27,82.76640619507971,82.77347752737856,82.21496094038389,82.58966064453125,598000.0
2012-12-28,82.26443462054482,82.5755084593561,82.08768910191935,82.14424896240234,417900.0
2012-12-31,81.79785029031362,82.62502368405376,81.67766459334047,82.41999816894531,409600.0
2013-01-02,84.0530895998446,84.12378672111886,83.32489900241484,84.01773834228516,453900.0
2013-01-03,82.73811601303993,83.37440099498299,82.72397874403919,82.9784927368164,490700.0
2013-01-04,82.06650433084909,82.88660097058822,82.03115305932161,82.83711242675781,578200.0
2013-01-07,82.32100490250474,82.51895904541016,82.1371880295872,82.51895904541016,566300.0
2013-01-08,82.24323924227764,82.40584212499888,81.82611694646785,82.22203063964844,319600.0
2013-01-09,81.55039438159886,81.98872528034424,81.42313737188866,81.57867431640625,646500.0
2013-01-10,80.96361190731022,81.69180821869548,80.96361190731022,81.57161712646484,1069200.0
2013-01-11,82.24324524942647,82.27152518627969,81.5009117401072,81.89682006835938,501100.0
2013-01-14,81.13325582847077,81.69883819215141,81.1191131679181,81.58572387695312,598200.0
2013-01-15,81.2181070624479,82.22909174787489,81.2181070624479,81.9392318725586,489500.0
2013-01-16,81.33121849795616,82.14424896240234,81.31000989873634,82.14424896240234,483400.0
2013-01-17,82.83002806873678,82.91486247138342,82.47653700745438,82.8795166015625,308600.0
2013-01-18,83.21179962158203,83.27543082196493,82.73812286009816,83.21179962158203,347200.0
2013-01-22,82.44826670717717,82.90780082545218,82.25737849123095,82.8158950805664,575900.0
2013-01-23,83.54408358082753,83.91878327619361,83.409760633374,83.44510650634766,363000.0
2013-01-24,82.97143460184515,83.48752860706101,82.85124891776432,83.0704116821289,356900.0
2013-01-25,83.21887242270138,83.44510650634766,82.81589279264875,83.44510650634766,383900.0
2013-01-28,83.1835376274174,83.2400921104759,82.57553243530283,82.83711242675781,476000.0
2013-01-29,83.37442572155832,83.62893978981747,83.24716868742875,83.4663314819336,297000.0
2013-01-30,83.6925659557938,83.77740577684645,82.73814089280168,82.91488647460938,564700.0
2013-01-31,84.62574503387933,84.87319305419317,83.95411427719962,84.34295654296875,744500.0
2013-02-01,85.93368896832567,85.93368896832567,84.69647011255539,84.77423858642578,502300.0
2013-02-04,84.41368417614355,84.6681982250303,83.46632512887693,83.59358215332031,502400.0
2013-02-05,83.69253554496424,83.7490954051142,83.05625599673512,83.126953125,355000.0
2013-02-06,83.26835111725526,83.45923930536406,82.68155467802508,83.41681671142578,394200.0
2013-02-07,83.88342318794498,84.05309737346441,83.11280993140511,83.45216369628906,486100.0
2013-02-08,84.20864440143059,84.52678421170747,84.13087593334589,84.2439956665039,567400.0
2013-02-11,83.45218143998113,83.6359983264535,82.80175909565891,82.94315338134766,385100.0
2013-02-12,83.38853919945464,83.9258471228837,83.28249619614574,83.5511474609375,330500.0
2013-02-13,84.25105993307301,84.29348252908856,83.57942906076973,83.91877746582031,471500.0
2013-02-14,84.5550775530498,84.86615147471616,84.1591692119083,84.44196319580078,638900.0
2013-02-15,84.57627476562631,85.22670245912136,84.39952922373169,84.82372283935547,407800.0
2013-02-19,84.83785155131234,85.02166840661688,84.52677770292702,84.93682861328125,448000.0
2013-02-20,85.04996595870062,85.24084879094696,84.25107257234701,84.30763244628906,361700.0
2013-02-21,83.95413208201757,84.20864609288967,83.48045532605677,83.93999481201172,397000.0
2013-02-22,85.06409414718952,85.60846804267615,84.60455465971097,85.48121643066406,691400.0
2013-02-25,83.70669967443139,84.15209655118775,83.49460284139703,83.56529998779297,691100.0
2013-02-26,84.02481934538132,84.56212723784017,83.6430483739378,83.91170501708984,524300.0
2013-02-27,84.03805596645509,84.7732275023004,83.87389430369257,84.59478759765625,318000.0
2013-02-28,85.1729413809096,85.80104792017578,85.13011209841021,85.44416809082031,667600.0
2013-03-01,84.51625084487905,84.83744038783011,84.38063482002988,84.71610260009766,327100.0
2013-03-04,85.05160731947076,85.5084130856692,84.64475906822241,85.46558380126953,382500.0
2013-03-05,86.07938992101246,86.31493185011207,85.958052119556,86.2221450805664,536800.0
2013-03-06,86.12223226085275,86.45056100932248,85.80817630772808,86.01516723632812,516400.0
2013-03-07,86.28639543112138,86.32208558844225,85.6511498387946,85.7510757446289,310100.0
2013-03-08,85.34423817655369,85.39420113250092,84.93739540796793,85.2657241821289,665200.0
2013-03-11,85.08727828066107,85.22289434248556,84.98021325530243,85.08013916015625,813900.0
2013-03-12,85.03017631779136,85.45843641978024,84.8660146648419,85.15865325927734,1147000.0
2013-03-13,84.90883057485465,84.94452072854165,84.54481170034829,84.88027954101562,397900.0
2013-03-14,85.49412872847351,86.9073752104041,85.26572586170789,86.85027313232422,788800.0
2013-03-15,86.69323901247851,87.04297968627706,86.3292200973923,86.42201232910156,624500.0
2013-03-18,86.60759144683716,87.07867541952999,86.23643883289598,86.33636474609375,685100.0
2013-03-19,87.56402421853272,88.2064089202994,87.29279754247716,87.79242706298828,784600.0
2013-03-20,88.39199397750953,88.42768413885105,87.39986848242054,87.64968872070312,496500.0
2013-03-21,86.85739531920913,87.63539056053753,86.77888133854535,87.1214828491211,375100.0
2013-03-22,87.82098636705719,88.64894471407338,87.73533325024012,88.42768096923828,656800.0
2013-03-25,88.26350552140794,88.64893087302235,87.79956074080532,87.9994125366211,498000.0
2013-03-26,87.46409292982368,87.99227345406919,87.37843982634344,87.95658874511719,595100.0
2013-03-27,86.97160093909802,88.17785633311267,86.9359162285768,88.0993423461914,452700.0
2013-03-28,89.25564608422434,90.26204435535486,89.17713208736721,89.81951141357422,461300.0
2013-04-01,89.88376795061899,90.07648069225336,89.55543911026292,89.61254119873047,342700.0
2013-04-02,89.71244097036833,90.37623757996265,89.5982368267355,90.19065856933594,855700.0
2013-04-03,90.91870383845622,91.01149607972522,89.65535163201945,89.74813842773438,404500.0
2013-04-04,88.19925788685008,89.21279503187694,88.17070685445533,89.03435516357422,429400.0
2013-04-05,87.11436130782991,87.8067035451644,86.80030534143442,87.7353286743164,731800.0
2013-04-08,88.5061850026012,88.52045779768723,87.75673529008368,87.9780044555664,503300.0
2013-04-09,85.8581243040037,86.70036066703848,85.53692928637928,86.37916564941406,815300.0
2013-04-10,86.02946169054893,87.57118536252165,85.9937769704256,86.92166137695312,590200.0
2013-04-11,87.3570370647867,88.10648682349226,87.20000908139669,87.8138427734375,358800.0
2013-04-12,87.47838995246455,87.69252004769447,86.92165823953222,87.61400604248047,402500.0
2013-04-15,86.97158930336174,87.44980683568195,86.372033969507,86.38630676269531,462700.0
2013-04-16,86.60758179423786,86.68609578093611,85.65828572466006,86.32921600341797,368200.0
2013-04-17,86.500523849793,86.70037565768608,85.5583614371875,85.93665313720703,297300.0
2013-04-18,86.56473849117204,86.64325246020893,85.89380291778477,86.0294189453125,316100.0
2013-04-19,86.29352002668406,86.46482077277318,85.85098719993861,86.3434829711914,1666300.0
2013-04-22,85.70825403498442,86.15078150162387,85.36564703110054,86.00089263916016,612800.0
2013-04-23,86.92164914387783,87.94232565929966,86.79317218929486,87.87808990478516,596100.0
2013-04-24,86.4505709080327,87.10008935889373,86.2721309952445,86.5076675415039,955700.0
2013-04-25,86.42912797117133,86.62898518862477,85.57975794059178,85.73678588867188,844500.0
2013-04-26,85.85099026025338,86.07939307836487,85.72965245434632,85.89381408691406,555300.0
2013-04-29,86.34350030958083,86.85740809659704,86.12937024980621,86.63613891601562,846600.0
2013-04-30,86.85742201072007,87.27853763136952,86.43630094451613,87.221435546875,643800.0
2013-05-01,87.6211295143543,87.92804635840264,87.18573572522634,87.25711059570312,521400.0
2013-05-02,87.07153192207393,87.69964385409443,86.99301793057137,87.65681457519531,324300.0
2013-05-03,87.9137499104024,88.12787992304084,87.57828209852663,88.11360168457031,479500.0
2013-05-06,88.0565274906376,88.07793940824344,87.44269377335267,87.47124481201172,289500.0
2013-05-07,87.49264159378552,87.87093326085594,87.0072849116539,87.75672912597656,363500.0
2013-05-08,87.76389176410731,88.72033259058695,87.7139288030971,88.18501281738281,326900.0
2013-05-09,87.93516900256094,88.2920487557297,87.6282521970137,87.75672912597656,432200.0
2013-05-10,88.5490225974819,88.69177779829825,88.24210572266936,88.4490966796875,371300.0
2013-05-13,88.98441688510205,89.15572312695733,88.77742592702587,88.88449096679688,284100.0
2013-05-14,89.12716160011325,90.14069890684578,89.00581833168759,89.77667999267578,442100.0
2013-05-15,89.26276428733172,89.61964404916567,89.24849149290168,89.54113006591797,450100.0
2013-05-16,89.44834286082396,89.71956951812267,89.09860222065271,89.18424987792969,429400.0
2013-05-17,87.53546184065259,88.07792056803278,87.43553594949738,87.93516540527344,664500.0
2013-05-20,88.5918538284321,88.95586734602088,88.4562377460632,88.49906158447266,695100.0
2013-05-21,87.54973995913589,88.37055900027295,87.29278611207559,87.85665130615234,482900.0
2013-05-22,88.04222680305314,88.9130142007172,87.57828207284085,87.9066162109375,819800.0
2013-05-23,87.00730302924815,87.13577998496388,85.90811250713678,86.94306182861328,409200.0
2013-05-24,86.85740509011976,87.47837243997552,86.81457581231514,87.32848358154297,442800.0
2013-05-28,88.47761824062094,88.76312310157421,87.62110910331343,87.74244689941406,391300.0
2013-05-29,86.95732874712259,86.95732874712259,85.25857750437468,85.38705444335938,960000.0
2013-05-30,85.42275437246052,85.91525026917131,85.3228284579908,85.42989349365234,450300.0
2013-05-31,84.52339362777144,84.97306557103063,84.36636567587473,84.40919494628906,472800.0
2013-06-03,85.10871522402994,85.45132231681531,84.54484434051015,85.12299346923828,791500.0
2013-06-04,85.78675373027865,85.86526770880204,84.83031319442685,85.05158233642578,601000.0
2013-06-05,84.9873588614755,85.00163165802093,83.82393262586197,83.84534454345703,494800.0
2013-06-06,84.22363149818196,84.97308124481938,83.88102449943395,84.85173797607422,692200.0
2013-06-07,85.24430077344326,86.99300944141874,85.11582384039035,86.82170867919922,926200.0
2013-06-10,86.27210658473787,86.72891219657922,85.82243464659074,86.69322204589844,694300.0
2013-06-11,84.34497076847654,84.88742959015389,84.24504485995094,84.46630859375,540400.0
2013-06-12,85.32997398949443,85.35851958529831,84.11657923676523,84.20223236083984,272000.0
2013-06-13,84.28074736936854,85.44417372944464,84.1023074429152,85.27287292480469,376300.0
2013-06-14,84.1308440068625,84.5947833793601,83.94526499053138,84.05233001708984,502900.0
2013-06-17,85.43702077212376,85.7724886508197,84.55909952565274,84.8874282836914,503700.0
2013-06-18,83.80251913952885,84.53055155190168,83.68831498708795,84.15225982666016,607800.0
2013-06-19,85.55121703566329,86.36490245788674,84.61619380121685,84.68756866455078,846700.0
2013-06-20,82.53916785430971,82.7176077719203,80.88324563670561,81.15447235107422,1020200.0
2013-06-21,82.53915436216202,82.54629348245462,80.761894598033,81.1615982055664,610100.0
2013-06-24,80.05528355300463,81.36145955096201,79.84829260467056,81.0902328491211,1034700.0
2013-06-25,82.24652264831168,82.58912421323438,81.80398972760335,82.22510528564453,1292200.0
2013-06-26,82.66049520168454,82.66763432223816,81.92532370571128,82.08235168457031,654100.0
2013-06-27,81.75403628945023,82.76757375153322,81.74689716773011,82.11091613769531,422300.0
2013-06-28,82.175145960257,82.48920194660295,81.38287231874169,82.04666900634766,756600.0
2013-07-01,83.01026004601445,84.2807515135449,82.99598180168566,83.51702880859375,547100.0
2013-07-02,82.71045124920937,83.18153514645711,82.28219662615423,82.67476654052734,297500.0
2013-07-03,82.5891153145833,83.05306010241686,82.3749907209661,82.81037902832031,210500.0
2013-07-05,84.06659498557634,84.22362295050134,83.36711370888692,83.85247039794922,317900.0
2013-07-08,85.10156201739363,85.12297393473742,84.43776535196722,84.66616821289062,478100.0
2013-07-09,85.05872906059125,85.08014097700953,84.41634434027493,84.8874282836914,291100.0
2013-07-10,84.33783966801606,85.40847910252202,84.23077463545471,84.98735809326172,381400.0
2013-07-11,86.92164701082305,87.72105975811654,86.58617911289137,87.67109680175781,516700.0
2013-07-12,86.57903432042517,86.74319596500204,85.8795475756649,86.193603515625,433400.0
2013-07-15,86.7075236907834,87.12863926562264,86.53621745593506,87.0858154296875,363300.0
2013-07-16,86.60045255220633,86.82885540368682,86.09368389565756,86.65755462646484,347800.0
2013-07-17,87.09293745286126,87.24996542435268,86.47910925288609,86.90736389160156,333200.0
2013-07-18,87.84951790849513,88.04936969115892,87.7210409845609,87.97085571289062,508300.0
2013-07-19,88.63466883813176,89.20567870596707,88.54901572429036,89.16284942626953,743600.0
2013-07-22,89.39124452209268,89.78381445283524,89.04150386732861,89.0843276977539,309200.0
2013-07-23,89.32700080054013,89.34841271384093,88.57041204207793,88.80595397949219,431300.0
2013-07-24,88.80596449750792,88.82024273843469,87.74246426170494,87.82811737060547,443000.0
2013-07-25,86.93593648350996,87.74962213249638,86.86455615473031,87.61400604248047,310400.0
2013-07-26,86.37917254994328,87.31420120069018,86.12935781331352,87.27851104736328,345400.0
2013-07-29,87.23568371952614,87.71390125982244,87.18572077420492,87.57828521728516,268600.0
2013-07-30,87.98513261228709,88.0279618859656,86.62899389648291,86.73605346679688,356100.0
2013-07-31,88.47047576349723,89.726693836678,88.42051282314328,89.4554672241211,695000.0
2013-08-01,89.74099163859741,90.07645405664954,89.43407481078324,89.79095458984375,983200.0
2013-08-02,89.82664572823579,90.71884523973108,89.48404416533164,90.6617431640625,357800.0
2013-08-05,92.0036093207081,92.36048912550697,91.84658133530799,92.31053161621094,486300.0
2013-08-06,93.40258054515878,94.04495982083093,93.13849298155468,93.68094635009766,560000.0
2013-08-07,93.31693581347133,93.4311290744187,92.78874977854862,93.07424926757812,404400.0
2013-08-08,93.93077821260275,94.2019994849571,93.38831388567726,93.8593978881836,239800.0
2013-08-09,93.1384888748209,93.98071992761504,93.1170769593164,93.42398834228516,255800.0
2013-08-12,91.73952554886513,92.37477119206574,91.67528979520735,92.12496185302734,439700.0
2013-08-13,92.45328926188141,93.09566860898056,91.89655759009995,92.75306701660156,410600.0
2013-08-14,93.73227983889495,93.92046074497262,93.08814675739313,93.12433624267578,308600.0
2013-08-15,91.02546523825575,91.37286549306218,90.46818365649722,91.14850616455078,363700.0
2013-08-16,91.58276918616866,91.59000818827974,90.81560061461634,91.3366928100586,373800.0
2013-08-19,91.98805337841989,92.49467854935486,91.82159500300159,91.91567993164062,896200.0
2013-08-20,90.90243996916644,91.90844584185544,90.70703110024613,91.26431274414062,373100.0
2013-08-21,91.1195642110082,91.44524749395624,90.5550435756368,90.68531799316406,320200.0
2013-08-22,90.53334277253785,90.97482807084452,90.32346138838399,90.46820831298828,335700.0
2013-08-23,90.69255890790548,91.0254812196038,90.33792511179605,90.99653625488281,318500.0
2013-08-26,91.07612960374838,91.08336860471907,90.64912241605599,90.87348175048828,324800.0
2013-08-27,89.72997843610923,90.38858403525066,89.70102795062361,89.87472534179688,574100.0
2013-08-28,89.15097308353216,89.64312025639568,88.97003670412263,89.4115219116211,1009900.0
2013-08-29,89.59245429739892,90.12078540954964,89.49113037118536,89.59969329833984,240200.0
2013-08-30,89.13652390400243,89.32469381212513,88.47067365719239,88.78912353515625,386100.0
2013-09-03,89.46218508780983,89.73720640040814,88.85423597346069,89.27400970458984,335900.0
2013-09-04,88.55749547320227,89.67206415108116,88.50683351155958,89.58521270751953,310400.0
2013-09-05,89.12203625200301,89.54181004175203,88.9990008203755,89.07861328125,338900.0
2013-09-06,89.93984127463169,90.12077763035752,89.18715089394287,89.4549331665039,870600.0
2013-09-09,89.47666437047029,90.19317647274904,89.45495288647528,90.12803649902344,260500.0
2013-09-10,90.27278901544688,90.66360677121433,90.14251458961085,90.51885986328125,372900.0
2013-09-11,90.36686832980637,91.34392370190305,90.28001687740701,91.32221221923828,907700.0
2013-09-12,91.24260460368754,91.45249148347037,90.96034427060663,91.37287902832031,347700.0
2013-09-13,91.95910635689923,92.43678106275517,91.69132404156203,92.41506958007812,383500.0
2013-09-16,93.5513490440848,93.62372801897354,92.60324410784003,92.77694702148438,242000.0
2013-09-17,93.26909228958246,93.86980246506408,93.19672435539859,93.31251525878906,326400.0
2013-09-18,93.45727311045624,95.2666371152681,93.16053476323154,95.00608825683594,483100.0
2013-09-19,96.93122905372066,97.03979750429293,95.3824141328165,95.40413665771484,582000.0
2013-09-20,94.76724824329438,94.76724824329438,93.70334135462102,93.75399780273438,821000.0
2013-09-23,95.07120772804879,95.35346802657803,94.81789238990318,95.08568572998047,815800.0
2013-09-24,94.28233220794365,94.32575517229061,93.48620771664852,93.71781158447266,492100.0
2013-09-25,92.66113689192682,92.8493067491382,92.19794020661564,92.61771392822266,367700.0
2013-09-26,92.32097505115031,92.71180380904708,91.92291833558066,92.45848846435547,277000.0
2013-09-27,91.76369821912594,92.5525782119322,91.64066280181969,92.2630844116211,240500.0
2013-09-30,91.74922215788078,92.29927032924583,91.53210180305223,91.97358703613281,519700.0
2013-10-01,91.20641097812424,92.2486063279019,91.0544250765717,92.11833190917969,276500.0
2013-10-02,90.79388064860181,91.74922459171492,90.69255670931258,91.69856262207031,346300.0
2013-10-03,91.34392593266429,91.61171377613024,90.84453973221764,91.1123275756836,590600.0
2013-10-04,90.43922954799667,91.18468646795084,90.35237810734337,90.9603271484375,462700.0
2013-10-07,90.62017193391314,91.21364301349197,90.5116090063124,90.87348175048828,340800.0
2013-10-08,89.96880906554503,90.25830839475837,89.16545104980469,89.16545104980469,495700.0
2013-10-09,88.0291448905745,88.39101756540144,87.52252535451231,88.18836975097656,602800.0
2013-10-10,88.12328110165468,89.751708984375,88.12328110165468,89.751708984375,491200.0
2013-10-11,90.72872905278905,91.62617185480109,90.65635561293541,91.59722137451172,363200.0
2013-10-14,90.75769760574472,91.35116876550624,90.50438775494541,91.23536682128906,292400.0
2013-10-15,89.94711174324654,90.01948520650909,88.89044371873754,89.0569076538086,751500.0
2013-10-16,90.09184936599603,90.21488478546979,89.35362580567264,89.70825958251953,385500.0
2013-10-17,90.89520164820071,92.06043243408203,90.81559471711141,92.06043243408203,570600.0
2013-10-18,93.26184288374158,93.69609458861753,92.78416821707397,93.36316680908203,768100.0
2013-10-21,93.32700084188706,94.11588096248762,93.24738837738263,94.05799102783203,627200.0
2013-10-22,94.78172018342518,95.59954512893216,94.65867372413358,94.93370056152344,461100.0
2013-10-23,95.08572052116394,95.0929540030366,94.66594665939081,94.83240509033203,398800.0
2013-10-24,94.3257613833663,94.66592268445646,94.10863550385415,94.26786041259766,364600.0
2013-10-25,94.70933848267838,94.88304138183594,94.23890831557854,94.88304138183594,308500.0
2013-10-28,94.73104589339434,95.33175596991575,94.61524396559945,94.92646026611328,339600.0
2013-10-29,94.41985975236429,94.70935358698206,94.036264408447,94.59355163574219,288600.0
2013-10-30,94.1954684828151,94.23165796500321,93.15328428276237,93.50067901611328,367500.0
2013-10-31,93.17501119783601,93.34870307154382,92.2341397224873,92.34269714355469,683200.0
2013-11-01,91.40183035639075,91.91568905780584,91.16299298873933,91.8577880859375,592500.0
2013-11-04,92.48745469121121,92.53087766204044,91.88674449328238,92.2269058227539,258000.0
2013-11-05,92.16176434838968,92.76247453656512,91.82884202670881,92.53087615966797,237400.0
2013-11-06,93.03023032392163,93.31973511457406,92.90719492919882,93.29077911376953,236500.0
2013-11-07,93.24738201799398,93.24738201799398,92.38612849432825,92.4367904663086,335000.0
2013-11-08,92.7986286816142,93.18221282958984,92.37885505782477,93.18221282958984,231500.0
2013-11-11,93.28355642407196,93.7395196199101,93.2256554592449,93.46449279785156,223700.0
2013-11-12,92.86380208887776,93.23291943623619,92.50916826835815,92.96512603759766,244200.0
2013-11-13,92.19792707486756,93.21841075048819,92.16897659594153,93.17498779296875,248800.0
2013-11-14,93.11712764396741,93.49346746972014,93.05922666074007,93.47175598144531,316800.0
2013-11-15,93.24738000646043,94.06521606445312,93.13882258437353,94.06521606445312,232700.0
2013-11-18,94.83960098905652,94.93369143353361,94.20994596765917,94.28955841064453,302800.0
2013-11-19,93.91320382105859,94.7817071792392,93.86978086184536,94.62248229980469,686700.0
2013-11-20,93.9566256467904,94.37638822710232,92.94337554139184,93.18221282958984,322200.0
2013-11-21,93.45001191884894,93.551335843307,92.92891429492768,93.37039947509766,329800.0
2013-11-22,92.69732955938944,93.13881477800908,92.581527623215,93.03749084472656,242600.0
2013-11-25,93.68160782028065,93.84083269426984,93.21841119871534,93.29077911376953,349600.0
2013-11-26,92.3644053092223,92.80588499670338,92.3065043423677,92.4802017211914,387100.0
2013-11-27,93.08813946720176,93.10261746887706,92.472956917756,92.74797821044922,341200.0
2013-11-29,92.88549716126505,92.88549716126505,92.2775535763736,92.40058898925781,134300.0
2013-12-02,91.92292514808594,92.00253760144803,91.22813007289525,91.27155303955078,299200.0
2013-12-03,90.8445313598975,91.17022014302793,90.60569954502304,91.01823425292969,418400.0
2013-12-04,90.5477839961006,91.38732575690456,90.53330599647664,91.17744445800781,406200.0
2013-12-05,90.85901424532628,91.12680207850566,90.28725461561258,90.36686706542969,284700.0
2013-12-06,91.06889029401461,91.72026229617637,90.91690441380013,91.59722137451172,264100.0
2013-12-09,91.29326517538206,92.04596122598684,91.17746875622619,91.82160186767578,331300.0
2013-12-10,91.80712740866406,92.17623920734613,91.46696609632377,91.86502838134766,532800.0
2013-12-11,91.39459548152179,91.51763091099238,90.33792754504216,90.4754409790039,445500.0
2013-12-12,89.75167774480275,89.9109026325043,89.04240475097033,89.20162963867188,318200.0
2013-12-13,89.67206530095197,89.75167774480275,89.02069327023644,89.20162963867188,251800.0
2013-12-16,90.64188791882795,91.75645668887823,90.60570395565641,91.54656982421875,556300.0
2013-12-17,91.17021398871171,91.31496086806105,90.35237810734337,90.9603271484375,393500.0
2013-12-18,91.48867451731999,93.16775839365789,91.08337326830795,93.1315689086914,477800.0
2013-12-19,92.55983024271809,93.08092799141528,92.35718234527832,92.96512603759766,331600.0
2013-12-20,92.49466973268476,92.8420644528073,92.2485934110034,92.29925537109375,373500.0
2013-12-23,92.44401984250251,93.29803979677278,92.44401984250251,92.82759857177734,311900.0
2013-12-24,93.10262681355509,93.23290675474986,92.85655597777465,93.22566223144531,107500.0
2013-12-26,93.26907402571553,94.00006400915667,93.22565106501196,93.88426208496094,189300.0
2013-12-27,95.07123441551647,95.39691776778366,94.76001802576225,95.20874786376953,470100.0
2013-12-30,94.8106589106772,95.51269291738731,94.71656846334088,95.08568572998047,307700.0
2013-12-31,95.68640615111617,95.85286453914087,95.46203574910612,95.83838653564453,294500.0
2014-01-02,95.08570207708281,95.08570207708281,94.19548702265458,94.41261291503906,417000.0
2014-01-03,94.5573505733816,95.17977218077,94.3474692254918,94.6803970336914,348800.0
2014-01-06,94.3330070236625,94.68041289305766,93.84809875488281,93.84809875488281,278700.0
2014-01-07,93.94218472062006,94.02903066206358,93.37041949016529,93.77572631835938,371100.0
2014-01-08,92.84930909336623,93.4355522486139,92.39335691948075,92.79865264892578,516500.0
2014-01-09,91.86504543473302,93.18226243823294,91.82885593965257,93.0592269897461,443300.0
2014-01-10,93.78295319543018,95.13635389054306,93.78295319543018,95.04227447509766,420800.0
2014-01-13,94.69486916626076,95.16531041999278,94.2895734078635,94.4560317993164,509300.0
2014-01-14,95.70087718985226,95.84562410054194,95.20149096101369,95.79496765136719,436600.0
2014-01-15,94.26787333768164,94.64422417753885,94.00009097420684,94.5790786743164,461300.0
2014-01-16,93.45726190669545,93.60200880103169,93.1532901155453,93.47897338867188,582000.0
2014-01-17,92.69006907660648,92.8203379342416,92.08212013228281,92.37885284423828,536100.0
2014-01-21,95.18701650816381,95.33899688720703,94.68763031863216,95.33899688720703,765800.0
2014-01-22,96.12064851331434,96.25816194018587,95.72258623644441,96.06999206542969,430700.0
2014-01-23,95.33177307333281,95.48375346778562,94.75277437396016,94.94818878173828,536000.0
2014-01-24,93.55858652233309,93.68885541514578,92.45849023905596,92.4802017211914,582100.0
2014-01-27,92.29926461445191,92.67561537430394,91.44524468616007,91.68408203125,438900.0
2014-01-28,91.9301653594884,92.09662928009107,91.42354563894257,91.98082733154297,449800.0
2014-01-29,91.07613856660551,92.08214997441729,90.88796869676885,91.97358703613281,604400.0
2014-01-30,87.98574891909792,88.36933318856985,87.00145449997646,87.19686889648438,1873200.0
2014-01-31,85.75661141527812,87.09553962123913,85.51054057084595,86.88565826416016,1266100.0
2014-02-03,86.18362283820092,86.27770777342347,84.20055602289736,84.4466323852539,1426100.0
2014-02-04,84.1209464844984,84.38872880019596,83.70117274637649,84.18608093261719,978200.0
2014-02-05,83.2307195843508,84.65649888157836,83.2017691062345,84.56240844726562,690000.0
2014-02-06,85.01839996810438,86.60340466342899,85.01116096572301,86.5020751953125,615700.0
2014-02-07,86.88564022632605,87.10276054014864,86.26321872090375,86.9363021850586,387300.0
2014-02-10,87.26200364183863,87.55874197763288,87.03040527901358,87.52255249023438,449600.0
2014-02-11,87.73244516664955,88.65159967685939,87.73244516664955,88.59370422363281,434400.0
2014-02-12,88.9121445274623,89.1292704129151,88.62264518743876,89.02794647216797,360500.0
2014-02-13,87.71072077115218,88.47065024921636,87.63110832272545,88.38380432128906,714600.0
2014-02-14,88.7746115998431,89.79508972167969,88.7094716438702,89.79508972167969,452100.0
2014-02-18,90.7432205236934,90.83007198273859,90.42477621734234,90.5261001586914,554200.0
2014-02-19,91.38734770823048,92.27755715980848,91.32221325949419,91.49591064453125,644200.0
2014-02-20,91.54657549708907,92.04596170676712,91.08337877456526,91.83607482910156,495500.0
2014-02-21,91.76370325117557,91.93740064523534,91.11957012320251,91.15575408935547,324700.0
2014-02-24,91.34392336426052,92.40783018482396,91.19917646587022,91.94463348388672,370600.0
2014-02-25,92.14005375289517,92.39336913904094,91.33669566739628,91.6768569946289,533300.0
2014-02-26,91.44211897036207,91.80042718196196,91.1496200801173,91.25930786132812,503600.0
2014-02-27,91.13499331651809,91.84430132192584,90.92293175765737,91.62493133544922,304300.0
2014-02-28,92.20992855552645,92.26842945334667,91.43481118574296,91.92474365234375,411300.0
2014-03-03,90.3525600895767,90.63774497128891,89.79681833898239,90.17706298828125,515600.0
2014-03-04,92.09292862209645,92.11486506315555,91.3324337179842,91.57374572753906,391500.0
2014-03-05,91.31780315220607,91.50061426119196,90.87905760643041,91.14962005615234,550600.0
2014-03-06,91.0106773509442,91.5664246570289,90.9594904661043,91.27392578125,622300.0
2014-03-07,90.92292089675396,91.1203599978461,90.08930277402473,90.64505004882812,393700.0
2014-03-10,89.75295126026138,90.71088537981954,89.67982792369547,90.65969848632812,627900.0
2014-03-11,90.38912070564112,90.8571166751972,89.7236856239258,89.91381072998047,313900.0
2014-03-12,88.29045935715837,89.01439542891636,88.12227624639237,88.5390853881836,656200.0
2014-03-13,89.27764805969315,89.47508722043051,87.49341507887314,87.77128601074219,449800.0
2014-03-14,88.085704151914,89.09481946586803,88.06376771145122,88.3197021484375,360600.0
2014-03-17,87.61038460609906,87.94675634076496,86.88645425494745,87.09120178222656,976100.0
2014-03-18,87.11316605298583,87.74935085510862,87.11316605298583,87.61041259765625,426300.0
2014-03-19,86.78407919472596,87.60307487055802,86.286832816355,86.72557830810547,606700.0
2014-03-20,86.17714821209539,87.0985176838594,86.17714821209539,86.95957946777344,482500.0
2014-03-21,87.05466015721507,87.50071974955932,86.57203610820542,86.65247344970703,1112500.0
2014-03-24,87.91753311943965,88.26121336543555,87.42028661122792,87.97602844238281,840900.0
2014-03-25,88.98514597175803,90.09663516927836,88.64877416752223,89.8260726928711,1044700.0
2014-03-26,89.24838830166681,89.59206851049578,88.78770072274597,88.853515625,907400.0
2014-03-27,89.99426638221907,91.11306964905863,89.95770192320408,90.67432403564453,500900.0
2014-03-28,90.79861772597837,91.33974261024798,90.79861772597837,91.25199127197266,401300.0
2014-03-31,91.4640572057872,91.50793008755161,90.71818474207772,91.10574340820312,243600.0
2014-04-01,89.94304539919445,90.71085411588993,89.89917252816649,90.21360778808594,643700.0
2014-04-02,89.43850398999491,89.74563088902573,89.26300688980031,89.5335693359375,687800.0
2014-04-03,89.43849128770711,89.54086504652724,89.07286912650618,89.43118286132812,283900.0
2014-04-04,89.80413120467848,90.82056056746595,89.64325652931025,89.83338165283203,384000.0
2014-04-07,90.34524782691774,90.46955803593532,89.91381072998047,89.91381072998047,322400.0
2014-04-08,91.76386835844387,92.23917838688368,91.44212458049216,92.1148681640625,631500.0
2014-04-09,93.34336796478755,93.34336796478755,92.15143577722763,92.7876205444336,611000.0
2014-04-10,92.99234519251009,93.26290761782855,91.97591596454198,92.06366729736328,534300.0
2014-04-11,91.18615917223308,91.94665389030357,91.18615917223308,91.47134399414062,367000.0
2014-04-14,94.39635109513465,94.46948000927922,93.35798523013489,93.95761108398438,782100.0
2014-04-15,93.59928691501919,93.89178022346682,93.02160314661629,93.70896911621094,603400.0
2014-04-16,93.97953408054397,94.02340695959131,93.10203744693248,93.49691009521484,635700.0
2014-04-17,90.05275904552985,90.65969330434599,89.80413302067333,90.5353775024414,883200.0
2014-04-21,91.0399489019449,91.0399489019449,90.59388926823758,90.681640625,326000.0
2014-04-22,91.71266614321904,91.71266614321904,90.35986519520768,90.64505004882812,792200.0
2014-04-23,89.76757116126976,89.93575426227476,89.08751359266346,89.27032470703125,594200.0
2014-04-24,89.02169927934021,89.18988796041029,88.81695172252621,88.97051239013672,503800.0
2014-04-25,89.1021429825607,89.2264532110861,88.78770761814454,89.13139343261719,345400.0
2014-04-28,89.49700298118707,89.964998957729,89.21913211353782,89.66519165039062,486000.0
2014-04-29,89.7163753286732,90.03811906419855,89.57743711033949,89.73831176757812,286000.0
2014-04-30,90.1039300867798,90.1039300867798,89.28493440283825,89.78218078613281,566000.0
2014-05-01,90.5061023237587,90.71085540902715,90.21360907413461,90.46954345703125,344900.0
2014-05-02,89.97231676340222,90.55000054173706,89.8333785342343,90.34525299072266,240500.0
2014-05-05,89.85532503647705,90.5719471242242,89.63595502680563,90.55001068115234,183200.0
2014-05-06,90.70357007458048,91.02531944561005,90.5719458390641,90.6011962890625,249500.0
2014-05-07,90.40375008557106,91.01068432299101,90.39644165785693,90.71818542480469,328700.0
2014-05-08,90.593860623084,91.01798367823427,90.5353597370733,90.74742126464844,274600.0
2014-05-09,91.6103135115311,91.70537887063495,91.08381655910458,91.41287994384766,373100.0
2014-05-12,91.86623450438483,92.07098762836753,91.6614869593543,92.00517272949219,257800.0
2014-05-13,92.21722794558667,92.436603488164,91.77848243938384,92.06366729736328,312500.0
2014-05-14,92.3488591798394,92.49510583338063,91.93936408676215,92.14411163330078,381400.0
2014-05-15,93.37989999256455,94.0453350199051,93.16053003792106,93.66508483886719,592200.0
2014-05-16,95.53708735548682,95.72721806235448,95.03253803425154,95.50053405761719,695400.0
2014-05-19,94.96672530581336,95.12759999803619,94.33054612341797,94.66692352294922,329500.0
2014-05-20,93.89910764172724,94.08191876423295,93.26292292698442,93.42379760742188,304800.0
2014-05-21,94.13308843253881,94.52064707167902,93.86984000237715,94.49871063232422,331700.0
2014-05-22,95.01791961135818,95.25191206770727,94.6303608884156,94.73273468017578,322300.0
2014-05-23,93.51885020774176,93.77479022277566,93.26291577166013,93.62853240966797,254200.0
2014-05-27,93.5627225314428,93.76016165163901,93.24097877612111,93.51153564453125,212300.0
2014-05-28,91.91012003541232,92.1806769211843,91.60299311528213,91.88818359375,417300.0
2014-05-29,93.39453243722676,93.69434530877602,93.01428223813751,93.43109130859375,329100.0
2014-05-30,94.11847407159276,94.50603272100004,93.87716207439314,94.17696380615234,318300.0
2014-06-02,93.82597162636651,93.86253607968058,93.18979253873903,93.54078674316406,650900.0
2014-06-03,93.47498811055799,94.81316691795733,93.29217698098823,94.19160461425781,928200.0
2014-06-04,94.0087813815754,94.23546536779264,93.24097808360462,93.7894058227539,423500.0
2014-06-05,93.33604865818275,94.1331024948882,93.30679820835601,93.82598114013672,307000.0
2014-06-06,92.62672866407208,92.77298089437225,91.99785802116162,92.6998519897461,554800.0
2014-06-09,92.61210696113794,93.23366360269883,92.54629206224561,93.05816650390625,462300.0
2014-06-10,92.8314813120244,93.7455368805908,92.78029442334277,93.54810333251953,427800.0
2014-06-11,93.46034054734871,93.87715519137954,93.30677990010396,93.70165252685547,276700.0
2014-06-12,94.64496192116496,94.94477481758601,94.16965750130105,94.50603485107422,314300.0
2014-06-13,94.55722557069966,94.74003669775087,93.97222773255467,94.13310241699219,555200.0
2014-06-16,93.81133989092564,94.06727989606361,93.5261605979917,93.7162857055664,269700.0
2014-06-17,93.46766221451301,93.93566377932015,93.4091613215431,93.92103576660156,341600.0
2014-06-18,92.59748459813112,93.02892173355322,91.93936904276752,92.97042083740234,701600.0
2014-06-19,92.78759898811393,92.94115963853277,92.28303858034356,92.53897857666016,619400.0
2014-06-20,92.56823667157006,92.91192247212769,92.39273955728949,92.64867401123047,423700.0
2014-06-23,91.33244561399663,91.80775568834478,91.30319516245716,91.73462677001953,513600.0
2014-06-24,91.60297717693297,91.98322736276054,91.50791741995188,91.63954162597656,440000.0
2014-06-25,91.42749782477989,91.99786763517538,91.42749782477989,91.95399475097656,319600.0
2014-06-26,91.40554558148813,91.54448379603654,90.68161522258923,90.8936767578125,1821300.0
2014-06-27,91.88818792622304,92.39274284510348,91.50793765630571,92.2684326171875,742500.0
2014-06-30,93.46032513732733,93.5773268943851,92.88264151449395,93.0654525756836,761600.0
2014-07-01,95.4200800058276,95.68332842023351,94.91551961505768,95.31038665771484,908100.0
2014-07-02,94.86433241738571,95.3396479697712,94.78389508746841,94.9301528930664,542500.0
2014-07-03,95.28847386631372,95.66141572138106,95.19340850593873,95.36160278320312,235300.0
2014-07-07,94.96670470015029,95.3250184656107,94.71808428717148,95.0471420288086,324200.0
2014-07-08,93.9576071841065,94.22085564303237,93.50423359841137,93.7821044921875,379300.0
2014-07-09,93.10935777539815,93.62122666221435,93.02160643239289,93.54810333251953,373900.0
2014-07-10,92.75102497437783,93.18977602056759,92.59015591358637,93.1751480102539,282000.0
2014-07-11,92.23916115874877,92.87534574681624,92.14410140239681,92.75102996826172,383300.0
2014-07-14,93.57734617870351,93.58466018476459,93.1020362058689,93.24097442626953,292700.0
2014-07-15,92.87536180130313,93.11666823667068,92.13680332366543,92.16605377197266,426300.0
2014-07-16,92.54628827738718,92.60478916757627,91.91010922817475,92.07098388671875,394000.0
2014-07-17,91.55179350724623,91.85160637885653,90.74011180477915,90.84249114990234,588000.0
2014-07-18,90.56462670608862,90.98874983863183,90.49150337470765,90.80593872070312,1028200.0
2014-07-21,90.51345126914735,90.82057264717989,90.27213922399896,90.5427017211914,863500.0
2014-07-22,90.7474321291591,90.93755724198036,90.64505835585969,90.78399658203125,565000.0
2014-07-23,91.17154760795759,91.17154760795759,90.71086566664952,90.8936767578125,577300.0
2014-07-24,90.74013142220196,90.82788277458516,90.55732028895169,90.5865707397461,478300.0
2014-07-25,89.7529481337776,89.95038727247615,89.21182876729586,89.46044921875,1043700.0
2014-07-28,89.66520049468097,89.66520049468097,88.89739155611433,89.17526245117188,679500.0
2014-07-29,90.06007387351742,90.16975608362047,89.38001627611503,89.42388916015625,932400.0
2014-07-30,89.0728888215136,89.14601773308456,88.15152478840845,88.67070770263672,600100.0
2014-07-31,88.6048896594575,88.63414010725923,87.86633677353534,87.91020965576172,533800.0
2014-08-01,87.0473372087863,87.86633297497146,86.87184010851529,87.23014831542969,804300.0
2014-08-04,87.47877441922162,87.47877441922162,86.55741039879564,87.03271484375,664500.0
2014-08-05,87.23747122174774,87.36178144799881,86.88647140644456,87.06928253173828,636600.0
2014-08-06,86.0601451508989,86.9010716493359,86.0601451508989,86.79138946533203,856300.0
2014-08-07,86.18447308258177,86.35265618530151,85.48247906572641,85.63603973388672,745600.0
2014-08-08,83.94686562450595,85.52635074547783,83.73480406318541,85.48979187011719,1308100.0
2014-08-11,84.86821943171513,85.26309205929006,84.80972412237023,84.95597076416016,945800.0
2014-08-12,85.28503738658212,85.84078472542035,85.14610473608683,85.73841094970703,455400.0
2014-08-13,85.38009708891688,85.6579679504855,85.23384486260288,85.40934753417969,522200.0
2014-08-14,85.98704208619687,86.279541015625,85.79692252417865,86.279541015625,388800.0
2014-08-15,87.07658643054346,87.3325208604539,86.14790289764429,86.55740356445312,432800.0
2014-08-18,87.27400913047546,87.32519601010114,86.85720008810884,87.15701293945312,458600.0
2014-08-19,87.00346308062252,87.54458238641938,86.96689862823737,87.39102172851562,285600.0
2014-08-20,86.73289231367093,86.9449538434565,86.57933167050585,86.72557830810547,340200.0
2014-08-21,87.03269646729846,87.4787559485872,86.94495071947209,87.01807403564453,332300.0
2014-08-22,86.75482810283445,86.83526542659837,86.31608261436405,86.38920593261719,383000.0
2014-08-25,86.94496413077617,87.26670788735434,86.47696814034222,86.95227813720703,486800.0
2014-08-26,86.91570534973407,87.31057797485228,86.39652252197266,86.39652252197266,424100.0
2014-08-27,87.04734100264979,87.06196343707958,86.7182776489785,86.85721588134766,455700.0
2014-08-28,87.35446295130511,87.69083473508343,87.20090228342495,87.30327606201172,673700.0
2014-08-29,87.91020077614513,87.91020077614513,87.1277695080758,87.65426635742188,839400.0
2014-09-02,87.95407430974292,87.95407430974292,87.42026902941882,87.68351745605469,699800.0
2014-09-03,88.81694411150839,88.81694411150839,88.01257638768838,88.13688659667969,698600.0
2014-09-04,88.84619903564453,89.05826059170595,88.5463861387794,88.84619903564453,844700.0
2014-09-05,88.06377083718971,88.47326595090239,88.03452038921701,88.44401550292969,334800.0
2014-09-08,87.2228444154176,87.4641564430958,87.04734729481203,87.3252182006836,706700.0
2014-09-09,88.13690959541947,88.23197496270939,87.32522765369343,87.61041259765625,468600.0
2014-09-10,87.93212763599165,88.10762470700493,87.66887923999606,87.98331451416016,482600.0
2014-09-11,87.66157543804175,87.756640779242,87.07658327359132,87.68351745605469,411100.0
2014-09-12,87.70546278834436,87.74202166416906,87.21552475751118,87.52265167236328,283000.0
2014-09-15,89.18986954354563,89.46774037342229,87.93212843545412,89.26299285888672,534300.0
2014-09-16,89.3800194686209,89.47507924708982,88.88277297556637,89.13139343261719,469800.0
2014-09-17,88.84619386777727,88.91200318533794,87.77126371600394,87.9979476928711,477300.0
2014-09-18,88.69995296090042,88.88276407122466,88.12226918280155,88.54638671875,604600.0
2014-09-19,89.7286821645488,89.7286821645488,88.62680637679435,88.75337219238281,557000.0
2014-09-22,88.54488767272923,88.62678451677631,88.07584675878925,88.28430938720703,629100.0
2014-09-23,86.91440537755484,87.30155513737814,86.44536445180279,86.6314926147461,845100.0
2014-09-24,87.18989058464837,87.70360621145909,86.92186553415421,87.629150390625,488600.0
2014-09-25,87.26434444292506,87.26434444292506,86.21458435058594,86.21458435058594,509700.0
2014-09-26,85.93166486908724,86.12523978496186,85.52962728081616,85.81254577636719,341500.0
2014-09-29,84.80000010900238,85.41050031338278,84.66598759193444,85.17225646972656,529600.0
2014-09-30,85.61153319115817,86.51239308076637,85.51474856308177,85.91678619384766,504600.0
2014-10-01,84.96379781821047,85.29137956855304,84.47986339044023,84.62132263183594,427200.0
2014-10-02,85.42537743239798,85.42537743239798,84.33094295930564,84.67342376708984,634300.0
2014-10-03,83.28862765833087,83.75766855738728,82.96848700908207,83.57898712158203,1004200.0
2014-10-06,83.84702330356603,84.56175482233812,83.8321298684897,84.4873046875,624400.0
2014-10-07,83.75023950388872,83.95126113172324,83.06528912202792,83.0876235961914,472600.0
2014-10-08,83.17696461485401,84.86700604336399,83.1174022321289,84.80744934082031,520300.0
2014-10-09,84.81488742065848,85.0829124533929,83.74279296990207,83.8246841430664,324500.0
2014-10-10,83.04295174902516,83.2960833542838,82.56646404956538,82.58879852294922,542700.0
2014-10-13,82.30587454990807,82.97593138115977,81.92617151339962,81.97084045410156,424500.0
2014-10-14,81.83685187612382,82.29845189231776,81.49437664353437,81.79218292236328,617500.0
2014-10-15,82.2537523631394,82.53666509876209,80.55625890886259,81.72514343261719,778600.0
2014-10-16,81.53159984124567,82.63347562492393,81.36780611335733,82.00064086914062,799600.0
2014-10-17,82.56646714432826,84.30118325779115,82.46967684912853,84.01826477050781,852600.0
2014-10-20,83.64600181546761,84.45007690534771,83.57899839806821,84.42029571533203,572900.0
2014-10-21,84.33839873764256,84.68087390204288,84.23416741283296,84.4873046875,758900.0
2014-10-22,83.55665128888675,84.0703611184681,83.3854108922394,83.40774536132812,478700.0
2014-10-23,84.44262768946214,85.13502471634331,84.31606189577596,84.78510284423828,551300.0
2014-10-24,84.80000780094788,85.54452058992867,84.79256108260718,85.39561462402344,344800.0
2014-10-27,85.03081168861127,85.61153080122314,84.96380825877861,85.41051483154297,269500.0
2014-10-28,85.93909633594649,86.40069622874901,85.78274935939582,86.39324951171875,373900.0
2014-10-29,86.94419391840472,87.55469411728355,86.19223448606746,86.57193756103516,360900.0
2014-10-30,85.90188288068268,86.66128910044786,85.90188288068268,86.34114837646484,593600.0
2014-10-31,87.61426791010904,87.92696192778666,87.20478359159168,87.8301773071289,478300.0
2014-11-03,87.0782013968544,87.21221390496216,86.26668531122137,86.43047332763672,577400.0
2014-11-04,86.37091135467728,86.54959279451217,85.79763345161037,86.1326675415039,354800.0
2014-11-05,86.54215124238398,86.69105718461645,86.08799805889149,86.49748229980469,233100.0
2014-11-06,86.84741765726373,87.15266494594987,86.51238349532224,86.91442108154297,311000.0
2014-11-07,86.3634740548768,86.58683013916016,85.96888322879988,86.58683013916016,333700.0
2014-11-10,87.68126109332297,87.97162628173828,87.20477340390401,87.97162628173828,379600.0
2014-11-11,88.23220178313846,88.52256128210468,88.02373913569411,88.27687072753906,362900.0
2014-11-12,87.8376116971731,88.08329657361823,87.59936785806974,87.7482681274414,236500.0
2014-11-13,88.35878033669972,88.72359002240022,88.1503176591566,88.35133361816406,276500.0
2014-11-14,87.81525802712409,87.90460158310306,87.5621264721208,87.62168884277344,220000.0
2014-11-17,87.50256533874999,88.3066403133894,87.48767758596647,88.24707794189453,216000.0
2014-11-18,88.71613458059075,88.79802575045991,88.47044403044016,88.5300064086914,287200.0
2014-11-19,88.24709424808243,88.2768754393328,87.54725045415258,88.06841278076172,905700.0
2014-11-20,88.12053795757308,88.49279436811364,87.99397214123299,88.16520690917969,309900.0
2014-11-21,89.37875921228787,89.78079110458786,89.25963444406449,89.44576263427734,397500.0
2014-11-24,90.01157816301414,90.13814394695513,89.58720619083859,89.7435531616211,615900.0
2014-11-25,88.82038111813152,89.4383224377584,88.74592529247204,89.1107406616211,1107000.0
2014-11-26,89.56487829441127,89.80312212644881,89.24473761259384,89.34152221679688,363000.0
2014-11-28,91.67186046563884,92.55783252927694,91.44851003022369,91.7239761352539,426400.0
2014-12-01,92.32702505908863,92.33446609664365,91.44105309444504,91.57506561279297,573800.0
2014-12-02,92.44614369788283,92.53548726974606,91.76864007184268,91.87287139892578,513000.0
2014-12-03,91.52297161336134,91.56019953067404,90.65189287799785,91.11348724365234,365700.0
2014-12-04,90.62954255972248,90.78588956078114,90.2647272104039,90.48063659667969,265100.0
2014-12-05,91.37404718262502,91.52294745220226,90.8752193511608,91.3591537475586,281600.0
2014-12-08,90.71143403762063,91.06135595169538,90.04881812039979,90.54019927978516,238200.0
2014-12-09,89.80312127979353,90.07858733538241,89.41597150626939,89.9371337890625,296600.0
2014-12-10,89.35641512145017,89.43087093840039,88.67891149261769,88.83525848388672,288300.0
2014-12-11,87.53236752423699,88.05352419939582,87.4355829074737,87.7929458618164,490400.0
2014-12-12,86.86228837200079,87.25687916249201,84.92655664344761,84.94144439697266,526700.0
2014-12-15,85.47748275382423,85.94652928853866,83.61620140700161,84.16714477539062,500200.0
2014-12-16,84.1224960476462,85.77531530107721,83.85447099680972,84.59898376464844,556800.0
2014-12-17,82.87915712038912,84.14482649304271,82.87171040261643,83.76512908935547,869000.0
2014-12-18,84.08527143722598,85.69341601654264,84.08527143722598,85.67108154296875,685400.0
2014-12-19,84.91169042965505,85.76787563896154,84.46497818805607,85.25416564941406,725400.0
2014-12-22,86.11778801554591,86.32625067571541,85.91677207329145,86.25180053710938,516300.0
2014-12-23,85.76041779570149,86.49748376162083,85.58173066200267,86.31135559082031,511300.0
2014-12-24,86.52726951127747,87.26433551604632,86.47515384791363,87.04098510742188,208500.0
2014-12-26,87.27178573740824,87.37601706832046,86.85486041375935,86.88463592529297,197100.0
2014-12-29,86.25924139440164,86.76551025477988,86.20712573290011,86.41558837890625,297100.0
2014-12-30,85.83487559844524,86.05078497748985,85.0382471834372,85.1499252319336,449800.0
2014-12-31,85.566837968457,85.71573822443005,84.93400336030047,84.94144439697266,266100.0
2015-01-02,84.18204906463689,84.51707750081009,83.3854207189046,83.56410217285156,496200.0
2015-01-05,82.59624712639784,83.15463169446667,82.30588760541659,82.68558502197266,847600.0
2015-01-06,81.4645879203249,82.16443175888011,80.5116124602729,81.21145629882812,1699300.0
2015-01-07,82.09740447998047,82.35798844230519,81.08487253796028,82.09740447998047,640500.0
2015-01-08,82.2388686246388,83.51943132241186,82.19419968221723,83.17695617675781,570600.0
2015-01-09,83.16950587151156,83.16950587151156,82.04529020089599,82.55900573730469,336900.0
2015-01-12,83.32587360485917,83.48222061572572,82.63347645377469,83.27375793457031,753100.0
2015-01-13,84.66597559741469,84.94888834661991,83.04293786738371,83.631103515625,452900.0
2015-01-14,82.8940312862255,83.62365614343966,82.63345300871346,83.22161865234375,424400.0
2015-01-15,84.49475022730392,85.32115983246042,84.23417190139455,84.73299407958984,532100.0
2015-01-16,85.28393741393113,85.73064392595346,84.7181061359394,85.67108154296875,451100.0
2015-01-20,86.25179627303875,86.38580878797697,85.53706475342862,85.8720932006836,464900.0
2015-01-21,86.13268126608496,87.37601618669372,85.92421860636391,87.18988800048828,458100.0
2015-01-22,86.57938049873833,87.227108577148,86.37091785654148,86.9590835571289,536500.0
2015-01-23,88.00139457571017,88.15030051655604,87.56958154770925,87.67381286621094,399800.0
2015-01-26,88.00886120563376,88.75337403777364,87.60682359465636,88.3364486694336,387300.0
2015-01-27,87.74083517052792,88.31411322589787,87.52492576995058,87.93441009521484,382700.0
2015-01-28,88.18008361118756,88.80547153571864,87.71103698760828,87.77059936523438,639200.0
2015-01-29,91.21026838713145,91.21026838713145,89.81058063151649,90.78589630126953,1071300.0
2015-01-30,89.05860775473694,89.17772682840935,87.48023884726582,87.94927978515625,626400.0
2015-02-02,87.10054864961687,87.73338337736425,86.44537944727091,87.56959533691406,634300.0
2015-02-03,86.67617485575201,87.48769672439839,86.60172471518723,87.40579986572266,563400.0
2015-02-04,86.42303351709069,87.48024016262106,86.16245521434462,86.9590835571289,447700.0
2015-02-05,87.33134514806434,87.65148584787752,86.8995264031663,87.54724884033203,257900.0
2015-02-06,86.70595477697765,86.98142654122891,86.3709263092566,86.65383911132812,449400.0
2015-02-09,85.51471613444227,86.13266294444178,85.44770704796774,85.98375701904297,353600.0
2015-02-10,86.28901891545252,86.72827866083676,85.65618428692869,86.1550064086914,373700.0
2015-02-11,85.55940847404162,86.03589620528547,85.47007057454704,85.81254577636719,346500.0
2015-02-12,85.38816290329913,85.8497571394027,85.36582843125298,85.83486938476562,561700.0
2015-02-13,84.9414646836249,85.15737408247817,84.12994843844936,84.79256439208984,571600.0
2015-02-17,85.79763711327554,86.57937767620966,85.57428672399494,86.39324951171875,502600.0
2015-02-18,85.78276309834044,86.16990724320686,85.53707251861931,85.99867248535156,727300.0
2015-02-19,86.91441862682716,87.03354339575706,86.20713377189608,86.40814971923828,549500.0
2015-02-20,86.3932502711069,87.1675441238167,86.23690329318195,87.02608489990234,393400.0
2015-02-23,87.614272718613,88.23221974949666,87.56960376511663,87.8450698852539,453000.0
2015-02-24,88.78314929002683,89.60955893280138,88.43322737351379,88.79059600830078,593000.0
2015-02-25,88.7461680445878,89.23543983337761,88.41496761965399,88.9343490600586,559900.0
2015-02-26,88.59564288736766,89.86774872135038,88.55048126958424,89.35589599609375,439500.0
2015-02-27,89.74731972870063,90.32691490583427,89.43117116197895,89.4612808227539,399500.0
2015-03-02,88.70854289528131,89.0246856705738,88.44509058253756,88.64080047607422,402500.0
2015-03-03,88.95693605480335,89.00209766395453,87.94075964909713,88.23432159423828,319300.0
2015-03-04,87.93324262682601,88.30960473458384,87.55688051906819,88.06873321533203,342800.0
2015-03-05,88.88919406207808,89.19781372688968,88.50530887201488,88.70854187011719,313800.0
2015-03-06,87.77516100097115,88.02356134142077,86.94716560896848,87.22566986083984,525900.0
2015-03-09,87.12029009261137,87.17298055253913,86.32240434432543,86.67618560791016,432500.0
2015-03-10,85.31375612774241,85.41161394692405,84.15456593984248,84.31263732910156,613700.0
2015-03-11,83.7556159211515,83.99648742598814,83.16096888017174,83.61260223388672,548100.0
2015-03-12,85.28363769657328,85.31374160507264,84.22229402286443,84.6739273071289,504100.0
2015-03-13,82.44588604265061,82.89751944331219,82.32545314912832,82.79966735839844,931800.0
2015-03-16,83.44701809814894,84.77181450177706,83.28141782984159,84.58363342285156,422400.0
2015-03-17,85.01266206816818,85.16320459170318,84.41048048836987,84.99760437011719,414400.0
2015-03-18,85.35891020344745,88.02355408530543,85.17072918701253,87.69988250732422,654400.0
2015-03-19,86.02132212798509,86.33746491911148,85.62237921401653,85.86325073242188,476500.0
2015-03-20,85.9309958655438,86.92459156175792,85.72775711925581,86.51811981201172,398000.0
2015-03-23,86.86435832806835,87.29341081579295,86.77402937276833,86.8191909790039,376400.0
2015-03-24,87.48913452854106,87.71494833828936,86.24713847502115,86.30735778808594,410500.0
2015-03-25,86.84177942434808,87.12028365933072,85.90087432166833,85.93850708007812,277900.0
2015-03-26,84.96750030191758,85.00513880668996,84.42554373587028,84.83953857421875,569600.0
2015-03-27,84.81696352716399,85.32881621554125,84.4857630397346,85.23848724365234,265800.0
2015-03-30,84.54596788272542,85.2911631090577,84.48574857844046,85.095458984375,357900.0
2015-03-31,82.63404603645868,83.84593222733017,82.54372282505332,83.22869873046875,782800.0
2015-04-01,83.28893330405583,83.8158379432894,83.12333306234532,83.57496643066406,480000.0
2015-04-02,83.92873782048744,84.91480456165958,83.8910993180551,84.72662353515625,564600.0
2015-04-06,84.79438271989925,85.66753981017226,84.74921536253983,85.23848724365234,235100.0
2015-04-07,86.49552791042285,87.02996132501015,86.00625610351562,86.00625610351562,404500.0
2015-04-08,86.39767893615661,86.56327917168562,85.42666407196076,85.75033569335938,285600.0
2015-04-09,86.12671041995301,86.15682008018102,85.0804241340592,85.44173431396484,350300.0
2015-04-10,84.95997759637099,85.75786336441276,84.85459667390622,85.6600112915039,292500.0
2015-04-13,85.81056674522974,86.1342384109118,85.34387563059988,85.37398529052734,331900.0
2015-04-14,85.99120571404305,86.39014859666685,85.6148436371784,86.2772445678711,492000.0
2015-04-15,87.69989826751983,88.19669325391403,87.39880743855035,87.98593139648438,620300.0
2015-04-16,85.87076919132737,85.91593080092899,85.08793541553312,85.5019302368164,637100.0
2015-04-17,84.75673761945448,85.12557084269073,84.25241382033947,84.8244857788086,381200.0
2015-04-20,83.96639386238435,84.39544646272218,83.80079360561705,83.92122650146484,438100.0
2015-04-21,84.41047028500782,84.74919379343194,84.24487008343924,84.5534896850586,354600.0
2015-04-22,84.22231291495332,84.771804124999,83.7405698712999,84.56856536865234,374400.0
2015-04-23,84.22231307408207,84.93739879068525,84.07177052621721,84.77932739257812,340000.0
2015-04-24,85.27611355908537,85.78043732532808,85.13309414308286,85.32880401611328,378300.0
2015-04-27,85.39654813674936,85.81054869512947,84.89975320952243,85.41160583496094,427600.0
2015-04-28,84.90730396701959,85.50195111474001,84.84708464429349,85.34387969970703,805800.0
2015-04-29,84.82449221973187,84.97503476310399,83.642715451488,83.98896789550781,388500.0
2015-04-30,83.83840972926683,84.25241028899663,83.41688606323594,83.56742858886719,628300.0
2015-05-01,82.79965823278246,83.63518251619418,82.63405799746415,83.62012481689453,585300.0
2015-05-04,83.62013975069037,83.81584967673035,83.32657773304574,83.54486846923828,412100.0
2015-05-05,83.1459075283849,83.2813981028306,82.28027362180568,82.49103546142578,812500.0
2015-05-06,82.61147781271632,82.73943954357762,82.137263652144,82.38565826416016,1068300.0
2015-05-07,81.48990247364506,81.94153572854687,81.361935028113,81.73077392578125,1038500.0
2015-05-08,82.93514796240834,83.6201239599521,82.59642438842279,83.25881958007812,1448900.0
2015-05-11,83.25882600947665,83.97391171770174,83.25882600947665,83.4620590209961,566300.0
2015-05-12,82.78459828642079,83.06310252545865,82.56630761028114,82.85234069824219,726600.0
2015-05-13,83.31151070396977,83.41689162750686,82.81470999915523,83.0631103515625,502100.0
2015-05-14,84.32014914370198,84.8922210540474,84.08680651597368,84.7642593383789,626000.0
2015-05-15,84.60619847898744,85.11052229831847,84.44812709126411,84.9900894165039,283100.0
2015-05-18,84.28253815140687,84.77181007965645,84.22231883101266,84.48577117919922,367800.0
2015-05-19,84.88470187418027,84.93739233621197,84.41048771589489,84.57608795166016,458800.0
2015-05-20,84.36534207475754,84.53846545013734,83.92876059651424,84.03414154052734,766100.0
2015-05-21,84.50082954951874,85.03526310087867,84.26748111685191,84.68901062011719,456700.0
2015-05-22,85.32127088518757,85.35890938524533,84.20724249455544,84.2674560546875,470900.0
2015-05-26,84.27499931155056,84.28252816141506,83.0856937174703,83.21366119384766,839900.0
2015-05-27,84.47071041864832,85.02019586720512,84.29005821912018,84.74169158935547,602900.0
2015-05-28,84.53844590993873,85.00513694186218,84.29757441603651,84.89222717285156,831100.0
2015-05-29,83.86099951262152,84.04918054833658,83.2813987066346,83.52227020263672,759100.0
2015-06-01,83.6652873865665,83.78572025992712,82.92761521947652,83.15343475341797,335400.0
2015-06-02,82.29533657073574,82.82224120340095,82.20500760106609,82.60395050048828,442400.0
2015-06-03,82.86739876186024,83.2136569239022,82.7394370348788,82.98030853271484,417000.0
2015-06-04,82.79966313397091,83.24376766149473,82.12221019612697,82.27275848388672,284800.0
2015-06-05,80.87269802435333,89.02469756618147,80.68451695541567,88.82146453857422,4047500.0
2015-06-08,88.82143983640236,88.82143983640236,85.3288006276854,86.33744812011719,2883300.0
2015-06-09,87.63214399810514,87.68483445879178,86.6310195022295,87.51171112060547,1051500.0
2015-06-10,87.45149925691646,88.9268380245966,87.41386074915131,87.99346160888672,659000.0
2015-06-11,88.96446836410945,89.43868250712856,88.39992525644548,88.74617767333984,748100.0
2015-06-12,88.81392908817122,89.182768090719,88.60316722547537,88.75371551513672,641900.0
2015-06-15,87.32353162041272,88.2644368226843,87.11276977395663,87.7300033569336,517600.0
2015-06-16,87.30094647036424,88.46013656819211,87.17297900467238,88.32464599609375,523600.0
2015-06-17,88.56552041644431,89.67954886913782,88.19668147238292,88.84402465820312,2814400.0
2015-06-18,90.68069016309262,90.95167134907275,90.11614698277238,90.58283233642578,1190600.0
2015-06-19,90.15377963312763,90.27421826799953,89.64945577096952,89.6795654296875,550100.0
2015-06-22,90.64303447968541,91.10219663877423,90.26667243078172,90.28925323486328,477700.0
2015-06-23,91.99794698944856,92.00547583897827,91.41082306838095,91.79470825195312,911800.0
2015-06-24,91.50866808492466,91.86244932875783,90.76347283817066,90.90648651123047,513800.0
2015-06-25,91.19254305049712,91.19254305049712,88.82146054005669,90.8462905883789,1375300.0
2015-06-26,90.9892820795992,91.23015354848836,89.95052494679518,90.16881561279297,1455100.0
2015-06-29,88.34724801217007,88.89673350317723,87.73753745956101,87.8429183959961,2228700.0
2015-06-30,87.7300060546284,88.07625849057204,87.15040521622183,87.34611511230469,1829700.0
2015-07-01,88.25691239834723,88.77629393374882,88.09884100557932,88.4676742553711,771300.0
2015-07-02,88.63328346963655,88.9343743285029,88.41499274052921,88.82146453857422,580700.0
2015-07-06,87.83536573932736,88.52034159572071,87.7676175927931,88.25688934326172,497600.0
2015-07-07,87.4439673644609,88.05367786062948,86.3600484410619,87.90312957763672,681800.0
2015-07-08,86.7062893584255,86.8568318785883,85.8632363141583,85.87828826904297,665900.0
2015-07-09,87.5869757932621,87.64719509889332,86.56327056884766,86.56327056884766,663900.0
2015-07-10,89.89784782258602,89.89784782258602,89.27308538341697,89.52901458740234,893100.0
2015-07-13,89.79249760909656,90.25165996911136,89.52904520814504,89.73980712890625,593300.0
2015-07-14,90.72583251186468,91.25274281395885,90.51507068815862,91.01187133789062,910800.0
2015-07-15,91.01187964744919,91.5613650604478,90.91402183263035,91.16242218017578,396600.0
2015-07-16,91.83233587251272,91.9904072369243,91.29790247583674,91.54630279541016,343500.0
2015-07-17,90.77853225153014,91.30544260751036,90.70326098434141,91.04198455810547,222600.0
2015-07-20,90.49250030517578,90.8538046894693,90.43228099351698,90.49250030517578,310600.0
2015-07-21,90.73336294166883,90.73336294166883,89.98816769691497,90.34947204589844,351700.0
2015-07-22,89.93547806011819,90.53012504586013,89.79998749230668,90.07096862792969,354800.0
2015-07-23,89.40857565567337,89.40857565567337,85.26859273632758,86.49553680419922,2269800.0
2015-07-24,87.07512723614398,87.4740701045787,86.09658357396765,86.1869125366211,1037700.0
2015-07-27,85.7202283950605,85.81055736496867,84.69652304075379,84.9449234008789,827600.0
2015-07-28,85.32129888939242,85.72777070354752,84.88471741387427,85.34387969970703,1209300.0
2015-07-29,86.44283496017628,86.84178356671877,86.24713082432065,86.25465393066406,1072200.0
2015-07-30,85.35893758937262,85.42668002046531,84.76428469751478,85.20838928222656,751900.0
2015-07-31,84.51587896889158,84.66642726654517,84.06424556159155,84.53845977783203,1016800.0
2015-08-03,84.47070157237137,84.68146340688693,83.82335837045682,84.25241088867188,537800.0
2015-08-04,84.27499643716031,84.44812552116012,83.90616320599678,84.37284851074219,375100.0
2015-08-05,85.11802962130048,86.05140575491934,85.0201718278183,85.77289581298828,904100.0
2015-08-06,85.70518221246617,86.08907318190295,85.59980127855493,85.69012451171875,573100.0
2015-08-07,85.28364000314379,85.32880160994303,84.87716831346374,85.095458984375,311100.0
2015-08-10,84.88470157832514,85.76539321611365,84.88470157832514,85.5395736694336,469600.0
2015-08-11,84.90728026709934,85.08040359307509,84.46317006449594,84.63629913330078,373600.0
2015-08-12,83.60542305159603,84.01224248700599,82.92994982452038,83.87407684326172,680200.0
2015-08-13,83.94317514107071,84.87963066018405,83.77430534500576,84.46513366699219,465700.0
2015-08-14,84.99478268929514,85.5934987078484,84.93337441656782,85.54743957519531,397600.0
2015-08-17,84.71077374159827,85.98496319032566,84.54958141799985,85.77771759033203,829700.0
2015-08-18,85.19434236365349,85.6241943740072,84.99477428135442,85.17899322509766,550100.0
2015-08-19,84.40372727420993,84.40372727420993,83.7436030692615,84.00458526611328,367400.0
2015-08-20,83.86641014952583,84.14274145331052,83.49028896279934,83.73591613769531,431200.0
2015-08-21,82.43102713811403,82.66897682905754,80.9649415090868,81.11077880859375,1574000.0
2015-08-24,77.85622062845121,80.40460501126616,77.21144557167356,79.1534423828125,1390000.0
2015-08-25,81.19521466996406,81.27197206896793,78.78499603271484,78.78499603271484,910500.0
2015-08-26,80.26642450911474,80.3048061309074,78.58541020146517,80.10523223876953,864900.0
2015-08-27,79.91335341137199,81.9321018385277,79.775187741241,81.1338119506836,1907800.0
2015-08-28,80.85748276921903,82.18540873738839,80.65023718659661,82.08562469482422,783700.0
2015-08-31,81.49456590628728,82.00117523912888,81.19520797550403,81.64808654785156,365900.0
2015-09-01,79.39907997145478,79.76751788964238,79.06901783096188,79.32999420166016,901800.0
2015-09-02,80.63488127023155,80.84980433228314,79.8365914281726,80.65023040771484,755500.0
2015-09-03,80.3739035860272,80.61185329574134,79.95173493512193,80.05919647216797,497000.0
2015-09-04,79.32230407597652,79.62166788914271,78.83872718925733,79.19949340820312,443600.0
2015-09-08,81.47922748493421,81.56366238484452,80.62720684490435,81.47154998779297,564000.0
2015-09-09,82.93763343377775,82.93763343377775,81.1952106949992,81.32569885253906,553600.0
2015-09-10,81.33337973405209,82.57687067116433,81.28732646623041,82.25448608398438,473900.0
2015-09-11,81.61738706913069,81.78625685636476,81.01867117345645,81.63273620605469,379600.0
2015-09-14,81.46388052358678,81.81696929611319,81.11846924895868,81.65577697753906,484600.0
2015-09-15,81.3871203497281,82.36962922360806,81.28733630529851,82.24681854248047,529200.0
2015-09-16,84.86427574866178,85.03314554489073,84.36534971316723,84.50350952148438,767600.0
2015-09-17,84.86428109483985,85.81609166877958,84.44211243388654,84.77984619140625,565300.0
2015-09-18,84.11204680122447,84.74914437096542,83.87409123958017,84.00458526611328,495000.0
2015-09-21,84.60329668926818,84.61097418599891,83.79732936275161,84.09668731689453,420700.0
2015-09-22,81.80929765442991,81.9935166104839,80.98798106576272,81.65577697753906,552400.0
2015-09-23,81.47922668342827,81.54063494752522,80.70396345379368,80.87283325195312,469200.0
2015-09-24,80.45066481971759,80.98030088909472,79.92103460655528,80.7116470336914,531100.0
2015-09-25,81.42549865006926,82.00118796882334,81.23360221048456,81.54830932617188,473400.0
2015-09-28,81.47922828362563,81.49457742184413,79.97476092098964,80.03616333007812,522400.0
2015-09-29,79.79053037018905,80.25875811097796,79.39906588359955,80.07453918457031,607900.0
2015-09-30,82.18538980022919,82.8992446411095,81.80927449668982,82.73805236816406,741800.0
2015-10-01,82.71503870937119,82.89158014524024,81.66344416622874,82.51546478271484,514500.0
2015-10-02,82.61524584429647,84.24252961804845,82.29286125944998,84.22718048095703,374600.0
2015-10-05,83.92782248873414,84.77984313358657,83.89712421242432,84.72611236572266,550700.0
2015-10-06,84.48048288676485,85.07152717356615,84.32696808449181,84.50350952148438,397300.0
2015-10-07,84.82589377093926,85.10222507978776,84.02760397384513,84.85659790039062,380300.0
2015-10-08,85.51672754600689,86.5683162303696,85.37856188269177,86.43782806396484,569000.0
2015-10-09,85.75467690137005,86.22290465538696,85.60883374172779,85.79305267333984,319100.0
2015-10-12,85.97727397502877,86.33036268639106,85.64721189715755,86.05403137207031,319000.0
2015-10-13,85.81608056697972,86.6604236358706,85.80072557404294,86.07705688476562,351800.0
2015-10-14,85.66256787023448,86.15382227796086,85.50905306390042,85.7239761352539,633200.0
2015-10-15,86.77556083374847,87.5891997558745,86.65274431769195,87.26681518554688,781600.0
2015-10-16,86.92140014493798,87.42033200463044,86.69879959657631,87.38195037841797,329800.0
2015-10-19,87.85786162819687,87.98067815552565,87.35125809350153,87.68132019042969,288700.0
2015-10-20,87.9115863083704,88.10348272687507,87.66595912693296,87.8425064086914,341700.0
2015-10-21,87.43568889030267,87.71969184805253,87.14400257968725,87.19005584716797,324300.0
2015-10-22,88.0190516800656,88.50263442380357,87.97299841160073,88.22630310058594,318500.0
2015-10-23,88.02672766137844,88.3644672408774,87.41265676341929,87.83483123779297,360800.0
2015-10-26,88.28003855033755,88.7175621926131,88.28003855033755,88.47960662841797,600900.0
2015-10-27,88.22630500754627,88.28770741475522,87.38963352299363,87.53547668457031,394800.0
2015-10-28,87.75807271973424,88.3951702433995,87.00583617214414,87.85785675048828,361000.0
2015-10-29,88.28003055513265,88.77896241757627,88.15721403554667,88.56403350830078,379400.0
2015-10-30,88.4258772952651,89.11670565117795,88.03441277375998,88.33377075195312,355700.0
2015-11-02,88.67151448791546,88.95552335960448,88.20329250886206,88.86341094970703,309200.0
2015-11-03,88.4182014615568,88.92480499439459,88.18792340176688,88.80199432373047,269800.0
2015-11-04,89.70774956484314,89.74612533897981,88.92480881290865,89.185791015625,408300.0
2015-11-05,88.76361269502738,89.03226652730606,88.56403876695705,88.80199432373047,257300.0
2015-11-06,87.5968864288811,87.88856690075121,86.66810838970623,87.15936279296875,419800.0
2015-11-09,86.73717760686529,86.7755592314777,86.25360076030287,86.606689453125,405300.0
2015-11-10,86.4148079133302,87.3666126341312,86.19220733594175,87.22844696044922,343900.0
2015-11-11,88.41819156876565,88.81733352403342,88.04207038944399,88.57938385009766,435900.0
2015-11-12,88.42586890469123,88.58706705262058,87.6429340797577,87.77342224121094,369000.0
2015-11-13,86.46853569749908,86.76021617354927,85.96960378997507,86.17684936523438,325900.0
2015-11-16,85.98496563815218,87.19775270495008,85.93891236044593,87.18240356445312,387800.0
2015-11-17,87.45873107957546,88.23398854905497,87.38196781183561,87.56619262695312,391800.0
2015-11-18,87.80412939005056,88.66382749830144,87.71201699609767,88.55636596679688,298800.0
2015-11-19,89.1090159516787,89.57724367011312,88.9324745303624,89.15507507324219,325300.0
2015-11-20,90.33715548598573,90.53672353511747,89.44675333614757,89.46977996826172,385600.0
2015-11-23,89.10135580261223,89.37768714277517,88.41820494949123,88.541015625,737100.0
2015-11-24,87.42033050967916,88.47192497405014,87.40498137318502,88.21862030029297,433200.0
2015-11-25,89.3085840928354,89.33161072402281,88.95549541679739,88.96317291259766,398400.0
2015-11-27,89.20882462939745,89.33163531494162,88.69454353726465,88.89411163330078,366300.0
2015-11-30,88.60242544473623,89.07833072918855,87.89624794358608,87.93462371826172,400800.0
2015-12-01,88.4105235777575,88.91712710837878,88.09581062116916,88.88642883300781,394800.0
2015-12-02,88.90177918674947,89.43908685630566,88.34143902602852,88.40284729003906,563400.0
2015-12-03,88.6868749822283,88.70990162207632,86.9291025805036,87.29754638671875,358900.0
2015-12-04,87.35893402443622,88.28771209716797,87.35893402443622,88.28771209716797,307500.0
2015-12-07,88.08813518423659,88.24164997933288,87.46638679480432,87.77342224121094,307900.0
2015-12-08,86.39944907017268,86.66810876429898,85.99262956473268,86.30734252929688,346000.0
2015-12-09,86.59901222764204,87.27448548695043,85.37087636698419,85.75466918945312,354300.0
2015-12-10,85.51672405050229,85.93889266388756,85.06384545073085,85.20201110839844,464600.0
2015-12-11,84.71075546012095,85.0408175342245,84.05063131191382,84.41907501220703,721700.0
2015-12-14,84.71075705533273,84.91033097409203,83.42121286434366,84.34999084472656,847100.0
2015-12-15,84.41139831574726,84.73378289642555,83.85873568817648,84.01992797851562,436000.0
2015-12-16,85.07151950726718,85.39390407671719,84.12738657534784,85.23271179199219,529100.0
2015-12-17,84.35000544514261,84.36536044105105,83.51333971079991,83.52101135253906,481100.0
2015-12-18,83.21397949395273,83.30608604209138,82.26216888427734,82.26216888427734,999000.0
2015-12-21,83.86641728773465,83.86641728773465,82.10096779175828,82.51546478271484,560400.0
2015-12-22,82.29286947453326,83.267706679255,81.824641687613,83.02207946777344,658600.0
2015-12-23,84.14275588091611,84.82590676123925,83.97388607117963,84.6340103149414,621400.0
2015-12-24,84.5495620759745,84.84124252010972,84.18111838045446,84.21182250976562,166000.0
2015-12-28,83.82035406162306,84.08901373506897,83.73591916817675,84.01992797851562,347600.0
2015-12-29,84.61097455057843,85.40158688704021,84.61097455057843,85.24039459228516,423400.0
2015-12-30,85.69326120559387,85.754669462876,84.89497142956755,84.90264892578125,519500.0
2015-12-31,84.43442837214238,84.43442837214238,83.70522428777775,83.72057342529297,259700.0
2016-01-04,82.72270845125641,82.76876757555942,81.31035357186616,82.70735931396484,583500.0
2016-01-05,83.20628170862528,83.33676985748235,82.60756586684492,83.16790008544922,450900.0
2016-01-06,82.10096319389531,82.74573820690124,81.90906677491476,82.300537109375,341300.0
2016-01-07,80.62720839818905,81.2566284829643,80.22038888508261,80.36622619628906,1064200.0
2016-01-08,81.89372286416112,81.916749498914,80.12827335439263,80.27411651611328,661200.0
2016-01-11,81.15684892894083,81.29501460670969,80.0975767806413,80.77305603027344,517400.0
2016-01-12,81.17218523469812,81.66343959882707,80.84212315977892,81.57132720947266,667300.0
2016-01-13,82.23912101107935,82.37728665382447,80.6502190476172,80.8037338256836,772700.0
2016-01-14,80.70397185629119,80.81911089940711,79.84427363806937,80.43531799316406,725100.0
2016-01-15,77.87157127434817,78.85408594447564,77.77946473317787,78.54705047607422,1205600.0
2016-01-19,79.42977604786988,79.76750979590396,78.80035596663402,79.14576721191406,801800.0
2016-01-20,78.15557671713148,78.8694316613072,76.85068335329869,78.34747314453125,1084500.0
2016-01-21,79.08434155281671,80.11290927762,78.23232108855443,79.46045684814453,928200.0
2016-01-22,81.44082605252243,82.10095009700852,81.27195629376371,81.75553894042969,1103500.0
2016-01-25,80.24341512948637,81.1414890528574,80.06686782998413,80.4506607055664,715000.0
2016-01-26,81.22590625311958,82.71502415985677,81.10309560492787,82.57685852050781,916200.0
2016-01-27,81.94745221894166,82.55384563391638,81.21057063847236,81.68647003173828,546200.0
2016-01-28,81.1645031110638,81.9013846152481,80.5581097588654,81.58667755126953,831600.0
2016-01-29,81.27964871823221,82.83784674099866,81.00331739972826,82.64595031738281,604700.0
2016-02-01,83.13720787012558,84.89497988035926,82.79179663690407,84.50350952148438,893400.0
2016-02-02,84.36535462834871,84.43443453653192,83.54403223407273,83.82804107666016,466400.0
2016-02-03,84.84893264865883,84.87963678254117,83.39819599595305,84.30394744873047,663500.0
2016-02-04,82.23913725733291,82.56152186868712,81.77090947865508,82.13167572021484,983400.0
2016-02-05,80.65788787040199,80.74999438485244,79.86727572156754,80.16663360595703,970600.0
2016-02-08,79.30695985611653,79.61399532890945,78.63148650094378,79.29161071777344,682500.0
2016-02-09,78.69288702228296,79.99778628628795,78.66986038721357,79.48350524902344,605900.0
2016-02-10,79.73679066911166,79.84425218548971,78.95385592746959,79.06131744384766,522200.0
2016-02-11,77.81017504193733,78.19396794384963,77.40334964668973,77.92530822753906,914900.0
2016-02-12,78.30909605992663,78.90014037008929,77.83319664034141,78.79267883300781,585100.0
2016-02-16,79.97476539951569,80.02849617061105,78.99225652450627,79.67540740966797,673200.0
2016-02-17,80.08221438332504,81.04936811137388,79.97475285798627,80.58114624023438,990300.0
2016-02-18,80.68862043333218,80.68862043333218,79.84427137852008,79.94406127929688,562300.0
2016-02-19,79.82123039193449,80.47367702554723,79.67539310013333,80.31248474121094,818600.0
2016-02-22,80.23572964080806,80.80374140035615,80.23572964080806,80.53508758544922,703100.0
2016-02-23,80.54276879210883,80.88050837852909,79.99778364070339,80.11292266845703,622600.0
2016-02-24,79.53773563857234,80.77358735484842,79.3045531603694,80.7036361694336,651300.0
2016-02-25,81.1156050704839,81.58973853457593,80.74251420707057,81.55087280273438,631900.0
2016-02-26,81.40318629187247,81.50422888041655,79.98856040186844,80.40827941894531,592800.0
2016-02-29,79.87198523684872,80.68034389823903,79.6698940889815,79.74761962890625,446100.0
2016-03-01,81.2632861456749,81.72964526825984,80.90573802394587,81.58973693847656,1073800.0
2016-03-02,80.57152360226291,81.51201623538194,80.33056672942467,81.48869323730469,858400.0
2016-03-03,81.30213899354663,82.03277197882714,81.12337087804873,81.83845520019531,843100.0
2016-03-04,82.56130657084125,83.08207406841697,82.3903068719174,82.61571502685547,663800.0
2016-03-07,81.51201107434659,82.49136344876212,81.40319414385598,82.12605285644531,478500.0
2016-03-08,82.19599655174942,82.76340414900028,81.81513732980365,82.49913024902344,371700.0
2016-03-09,83.07428630158772,83.3774199260795,82.77115267709596,82.98101806640625,495700.0
2016-03-10,83.05875977091561,83.49402743351969,81.88508483202004,82.69344329833984,893700.0
2016-03-11,83.54066369464434,83.96815700668544,83.47848090850411,83.804931640625,736400.0
2016-03-14,83.86711885727911,84.15470388073562,83.64948502436808,83.87489318847656,534700.0
2016-03-15,83.29971703066914,83.626167802567,83.20644877017124,83.49403381347656,381900.0
2016-03-16,83.22200151129078,84.26354267602781,83.13650164216766,84.1236343383789,514300.0
2016-03-17,83.9137577017791,84.92420733147412,83.75053231791962,84.70657348632812,499500.0
2016-03-18,84.19356490221584,84.59774115074143,84.09252232260366,84.3334732055664,554000.0
2016-03-21,82.99657740743214,83.74275308861174,82.98880307625231,83.48625946044922,736000.0
2016-03-22,82.16491449439681,83.15981555545744,82.1493717597269,82.85668182373047,857200.0
2016-03-23,83.1598000371583,83.1908914307743,82.31258179891105,82.46803283691406,1569000.0
2016-03-24,81.72185671607573,82.69344052326713,81.61303980407646,82.60794067382812,397800.0
2016-03-28,83.15980395502531,83.15980395502531,82.53021951235176,82.65457916259766,335100.0
2016-03-29,83.25308633066058,83.86712810124145,82.81004428480828,83.84381103515625,575100.0
2016-03-30,85.02525361251385,85.14184487178142,84.26353512144424,84.48893737792969,999800.0
2016-03-31,84.05367056000088,84.3412615452333,83.78162823887716,83.84381103515625,321000.0
2016-04-01,82.49912370432104,83.5950730845059,82.37476406072724,83.52511596679688,487700.0
2016-04-04,84.42675155941073,84.46561135499387,83.7116613457705,83.9914779663086,722000.0
2016-04-05,83.08207683425839,83.1753510177066,82.63903484051434,82.69344329833984,494400.0
2016-04-06,82.84890777018292,83.72722349897997,82.73232243457102,83.6417236328125,429200.0
2016-04-07,83.92153738480427,84.23244543915732,82.96549615543228,83.16758728027344,494000.0
2016-04-08,83.6028421357278,84.02256705501657,83.31525712201146,83.76606750488281,527000.0
2016-04-11,83.96815630430467,84.38010688140326,83.54843139648438,83.54843139648438,348000.0
2016-04-12,84.1857895988107,84.67547161991853,83.62615639187419,84.59774017333984,544100.0
2016-04-13,84.96306610107422,85.15738287904215,84.47338995542292,84.96306610107422,495500.0
2016-04-14,84.70659421730622,85.1263133470507,84.48895438881782,84.86981964111328,433800.0
2016-04-15,85.12630038244598,85.53825697607085,85.05634918150167,85.46052551269531,425800.0
2016-04-18,84.84647774400018,85.5615620381301,84.7998376865032,85.41387939453125,343700.0
2016-04-19,87.15496507264439,87.27933066547608,86.66528889354475,87.23269653320312,677800.0
2016-04-20,86.37770097875065,87.3415165672302,86.37770097875065,86.7818832397461,449900.0
2016-04-21,85.1263018896541,85.57711829287064,84.8931252856332,85.04857635498047,527400.0
2016-04-22,84.91644671795622,85.15739766685344,84.44231322297371,85.10298919677734,376300.0
2016-04-25,84.70656623617738,85.47605895996094,84.6443834485787,85.47605895996094,345700.0
2016-04-26,85.42943455908099,85.7714280696503,85.1185265157726,85.30506896972656,407600.0
2016-04-27,84.86980270404912,85.08743655902639,84.33348646851387,84.87757110595703,627000.0
2016-04-28,84.1547113157504,85.23511810471578,84.0692173853339,84.77652740478516,490200.0
2016-04-29,84.25577108015635,84.5822219019148,83.85936312226194,84.20136260986328,451000.0
2016-05-02,83.82049489348618,85.02526146708355,83.82049489348618,84.9009017944336,414700.0
2016-05-03,84.60551176887199,84.8309199104942,84.12361002409317,84.52778625488281,495400.0
2016-05-04,83.42408227772214,84.10807521558556,83.28417395746852,84.01480102539062,502200.0
2016-05-05,84.07700144799753,84.82317733578132,84.00705023824226,84.6444091796875,359800.0
2016-05-06,83.79717282203458,84.5899886668932,83.7272216222354,84.5744400024414,319600.0
2016-05-09,84.81536816006077,85.18067862996868,84.69100260684243,84.93972778320312,317700.0
2016-05-10,84.7998468442753,85.41388861861543,84.6754871810336,85.3750228881836,368000.0
2016-05-11,85.05632503669241,85.3905500720658,84.85423396342385,84.9708251953125,384600.0
2016-05-12,85.44498597767627,85.49162011338541,84.72990155643735,85.04080963134766,411600.0
2016-05-13,84.38012051370156,84.9786195443528,84.33348638199078,84.51226043701172,270400.0
2016-05-16,84.38012820517442,85.15739543161877,84.30240266854564,84.8853530883789,280400.0
2016-05-17,84.38788774886697,84.53557039363506,83.27639557263763,83.43184661865234,419600.0
2016-05-18,83.91374948940252,84.2013404309584,83.08984831910317,83.52511596679688,455800.0
2016-05-19,83.24532156215574,83.38522990481799,82.47582864255261,83.27641296386719,315300.0
2016-05-20,83.46294162348867,83.5328987482749,82.84889988404299,82.86444854736328,226600.0
2016-05-23,82.84888784617443,83.15979583655269,82.70121114655419,82.80225372314453,266400.0
2016-05-24,84.23244616544179,85.20403013737375,84.19358043453332,85.1185302734375,466600.0
2016-05-25,85.30506413114587,85.63928922098124,85.26619840415768,85.3983383178711,271600.0
2016-05-26,85.5460221232492,85.69370478194959,85.2506627359263,85.51493072509766,202400.0
2016-05-27,85.62375379208889,86.03570444096339,85.60043079586008,85.92688751220703,229800.0
2016-05-31,86.2300157770689,86.25333284174472,84.62107308358469,84.82315826416016,400500.0
2016-06-01,83.43963166766972,84.55889831899108,83.43963166766972,84.31794738769531,744800.0
2016-06-02,83.69612738118138,84.15471215561095,83.45517646106265,84.11585235595703,450000.0
2016-06-03,84.52779891617018,84.91643247440545,84.28684800768912,84.8309326171875,312700.0
2016-06-06,84.90866205811857,85.32061270003138,84.64439407276988,85.03302764892578,252500.0
2016-06-07,85.63151646434576,85.75588204893317,85.27397430377316,85.35169982910156,359200.0
2016-06-08,85.25065723918239,85.54601660746128,85.11852325311636,85.35169982910156,328300.0
2016-06-09,84.27906620023394,84.47338296211494,83.68834158369413,83.9292984008789,630200.0
2016-06-10,81.44204596317861,81.75295398985831,80.75805304854521,81.32545471191406,1129500.0
2016-06-13,79.4367066651391,80.45493074493761,79.40562119513936,79.8253402709961,1329100.0
2016-06-14,78.02985075316089,78.62834979514433,77.40803464488056,78.48844146728516,2389300.0
2016-06-15,79.87196424089989,79.9419154294205,79.04805713005798,79.2035140991211,1254100.0
2016-06-16,78.43403477340263,80.63369640818748,78.2241693118367,80.53265380859375,1125700.0
2016-06-17,80.3927416143158,80.64924119720233,79.57660873425058,80.34610748291016,1017000.0
2016-06-20,83.75054028424148,83.76608301891139,82.83336475668656,82.85668182373047,1144900.0
2016-06-21,84.03812682657141,84.53557733073268,83.58731045402597,84.11585235595703,1368900.0
2016-06-22,84.96305387728344,85.96572901895055,84.36456089648257,84.52778625488281,1112800.0
2016-06-23,85.66259584391665,85.67814450484768,84.55887812087929,85.31282806396484,848900.0
2016-06-24,81.86955063084086,83.78162711519423,80.56374157688275,81.10005187988281,2834500.0
2016-06-27,80.12847157068366,80.71142196172877,78.79157698848574,80.5404281616211,2382000.0
2016-06-28,82.49913400645816,82.50690833830264,81.14669083932476,82.31259155273438,1463800.0
2016-06-29,83.19868133340327,85.29730038961235,82.93440740324351,84.55889892578125,1548700.0
2016-06-30,85.71701415188747,87.7845474677466,85.44497185508423,87.73790740966797,1720700.0
2016-07-01,87.73790826450464,88.4685412373896,87.73790826450464,88.38304138183594,971500.0
2016-07-05,87.38813433161101,88.18871844121051,87.38813433161101,87.9788589477539,879100.0
2016-07-06,87.03837579641362,88.40636167508276,86.82073601882401,88.32086181640625,1532900.0
2016-07-07,88.64731853913707,88.76390386456264,88.07213659334215,88.3286361694336,1639200.0
2016-07-08,87.20937044711536,88.10322884117028,87.17051064829067,87.67573547363281,1336500.0
2016-07-11,87.64464535748208,88.67063775667592,87.56691982861906,88.17318725585938,1406600.0
2016-07-12,88.44522015404647,89.30798707173504,87.93222104403613,89.0981216430664,1179200.0
2016-07-13,87.51251956809256,88.72506054846922,87.51251956809256,88.45301818847656,1160700.0
2016-07-14,88.77167872595615,88.90381271561192,88.04104572184929,88.20427703857422,570300.0
2016-07-15,87.76902284647609,88.09547369206048,87.38816352662765,87.86229705810547,686700.0
2016-07-18,88.60845996763105,88.67064276626567,88.18096063961563,88.46855163574219,752800.0
2016-07-19,86.97619075296878,87.2015989263691,86.56424013368031,86.80519104003906,1491900.0
2016-07-20,86.94510465957391,88.0488225993352,86.87514753180092,87.87782287597656,927200.0
2016-07-21,87.27156079462391,88.025510931993,87.27156079462391,87.66019439697266,421900.0
2016-07-22,87.49696553991392,88.64732356666738,87.4891912077521,88.63177490234375,478600.0
2016-07-25,88.5307284152431,88.60067961139256,88.16541191069989,88.43745422363281,297400.0
2016-07-26,89.55671952122869,89.7510363034115,88.93490344621263,89.25358581542969,611900.0
2016-07-27,88.4063818007461,88.55406448663953,87.54361461593099,87.86229705810547,547400.0
2016-07-28,91.52320453749101,91.59315573273848,90.58271202200594,90.93247985839844,909400.0
2016-07-29,90.52053509787076,90.89362595361504,89.80545071527871,90.58271789550781,1677900.0
2016-08-01,89.26135099094037,90.0619410858635,89.22249119395485,89.31576538085938,665000.0
2016-08-02,89.96087766316269,90.27955996806375,89.57224417723049,90.08524322509766,538600.0
2016-08-03,89.31575446557603,89.64220518473026,89.02816353865826,89.3546142578125,515400.0
2016-08-04,89.51786166310693,90.11636072569306,89.51786166310693,90.01531219482422,1064000.0
2016-08-05,89.62667148239892,90.11635357293449,89.59558008537462,89.87539672851562,423800.0
2016-08-08,88.88048255568816,89.4712071513409,88.87270822506626,89.33907318115234,374700.0
2016-08-09,89.08259594589569,89.6810890919448,89.07482161332723,89.47122955322266,597600.0
2016-08-10,89.9257481807461,90.24194399485152,89.53840544377351,90.11546325683594,441500.0
2016-08-11,90.20241332232013,90.9454725484194,90.20241332232013,90.53441619873047,619100.0
2016-08-12,90.55813931739054,90.66880695445687,90.2024227740965,90.26566314697266,311200.0
2016-08-15,90.51861996135933,90.63719415454207,90.16289738181113,90.21823120117188,428500.0
2016-08-16,90.21824978876353,91.01664308769,90.21824978876353,90.51863861083984,759400.0
2016-08-17,91.02452888892145,91.35653179778693,90.46328415319155,91.16681671142578,493200.0
2016-08-18,91.72016685667693,91.80712087237913,91.15101549242056,91.45930480957031,343700.0
2016-08-19,90.89015445451099,91.34073158783018,90.59767223322389,91.26958465576172,444400.0
2016-08-22,90.46328440593254,90.86642821170959,90.3605172927105,90.51071166992188,338100.0
2016-08-23,91.49881179869509,91.58576579562208,90.55813093972128,90.75575256347656,468700.0
2016-08-24,90.88224138421243,90.91386157053883,90.42375772888039,90.71623992919922,314400.0
2016-08-25,90.66881028506518,91.17472122479063,90.62138301913284,90.74786376953125,344600.0
2016-08-26,90.94547654003587,91.52252832232364,90.06012946648362,90.50279998779297,693800.0
2016-08-29,90.3051853858658,90.93757706346719,90.09175666246239,90.8348159790039,262200.0
2016-08-30,89.72812785369584,89.9652701945182,89.18269021721727,89.2933578491211,851000.0
2016-08-31,88.84277062572541,89.04829878905637,88.62934194025578,88.9139175415039,862200.0
2016-09-01,88.69258644963129,89.29335790242037,88.51077792465233,89.1115493774414,574900.0
2016-09-02,90.70044804956163,91.8703710937307,90.63721369304231,91.5146484375,531900.0
2016-09-06,90.70042022124771,90.89014132540211,90.0443210032474,90.73204040527344,1023000.0
2016-09-07,90.46327856911805,90.8031880112892,90.26565694066817,90.42375183105469,443700.0
2016-09-08,89.93365549446216,90.14709024824629,89.45936475295761,89.6253662109375,444000.0
2016-09-09,88.97716774060716,89.00088137311788,87.8072509765625,87.8072509765625,591700.0
2016-09-12,87.6491526116374,89.04041072542236,87.57010515730586,88.98507690429688,418300.0
2016-09-13,87.95744408714963,88.44754796565789,87.44363260578139,87.6728744506836,500400.0
2016-09-14,88.43173164928608,88.62935328484107,87.70447944693409,87.87838745117188,426100.0
2016-09-15,89.42775189467605,90.02061687787554,89.07994187223446,89.8941421508789,600600.0
2016-09-16,89.48308051840249,89.48308051840249,88.72421410771932,89.08783721923828,473800.0
2016-09-19,90.15500957447827,90.4395852658821,89.94948134603443,90.02062225341797,428100.0
2016-09-20,91.11937199248752,91.11937199248752,90.37631881784463,90.54232025146484,550900.0
2016-09-21,90.7715835592602,91.46720964083138,90.27357310945551,91.36444854736328,734300.0
2016-09-22,92.38415411547227,92.82682460012686,92.28138701658243,92.3446273803711,494300.0
2016-09-23,91.90986601457364,92.26558857095681,91.68853075154423,91.97310638427734,358000.0
2016-09-26,91.24587328390821,91.9019786438805,90.96129761044878,91.73597717285156,451800.0
2016-09-27,91.75967838301364,92.43159073123121,91.67272438173369,92.05215454101562,481700.0
2016-09-28,92.28931931048115,92.54227480525535,91.96521687886762,92.47903442382812,496300.0
2016-09-29,92.46320901638839,92.47111557023328,91.46719431460558,91.5462417602539,452600.0
2016-09-30,91.69644530311294,91.9810209606663,91.33282219200234,91.72806549072266,381100.0
2016-10-03,92.43950275849257,92.43950275849257,91.64110962261984,91.996826171875,471100.0
2016-10-04,92.97702661287467,93.00074024351493,91.81501046403348,91.9572982788086,633500.0
2016-10-05,91.0798659292025,91.52253649001686,90.30518641684331,90.46328735351562,620700.0
2016-10-06,89.97319256562523,90.25776824938686,89.72814362774952,89.84671783447266,534600.0
2016-10-07,88.89812007372147,89.29336336376875,88.550304048581,89.05622100830078,556100.0
2016-10-10,89.19061971328148,89.2143333503701,88.79537634597732,88.90604400634766,340200.0
2016-10-11,88.36058163113826,88.44753563021312,86.82703586301794,86.94561004638672,936700.0
2016-10-12,87.11951658202986,87.1353296893781,86.20255537663387,86.40017700195312,929300.0
2016-10-13,85.7914928698032,86.81912766018411,85.53063089565426,86.55826568603516,551600.0
2016-10-14,86.08398757818958,86.28160921816203,85.65712411213701,85.76779174804688,567100.0
2016-10-17,85.04843736744799,85.38044627208525,84.91405611346299,85.15911102294922,708300.0
2016-10-18,86.40018010001721,86.4238937309565,85.46740575382636,85.49111938476562,607200.0
2016-10-19,86.0523768569307,86.21047177392391,85.6413204232532,85.68084716796875,492200.0
2016-10-20,85.37255351923353,85.96541847422822,85.34093333125506,85.57017517089844,648600.0
2016-10-21,85.30142271998308,85.69666607011345,84.88245970285958,85.5622787475586,842200.0
2016-10-24,85.57017151719477,85.72036589594597,85.22235549521677,85.5385513305664,615600.0
2016-10-25,85.56227009149002,85.92589321311114,85.4595090019887,85.54646301269531,973300.0
2016-10-26,86.11561144330526,86.13141852156747,85.39626574822557,85.41207885742188,960300.0
2016-10-27,85.76778765198529,85.85474165189515,84.81129968391019,84.81920623779297,802000.0
2016-10-28,84.86663664295706,85.12749865234986,84.65320189675067,84.68482208251953,561600.0
2016-10-31,85.04844960452515,85.21445709619614,84.74016031588029,85.00102233886719,754400.0
2016-11-01,84.92987369304971,84.9931080311807,83.98919280374899,84.02081298828125,616400.0
2016-11-02,84.09985125942505,84.13937799351166,83.60974749904231,83.65718078613281,511200.0
2016-11-03,82.59003034244401,83.03270084273055,82.02877963266656,82.2105941772461,822800.0
2016-11-04,82.479357446507,82.74812598911005,82.09202075518688,82.10783386230469,534800.0
2016-11-07,82.06041253239593,82.60585021972656,79.78381328120868,82.60585021972656,528800.0
2016-11-08,82.77975291930427,83.60976018263926,82.7560392876281,83.4595718383789,395000.0
2016-11-09,81.72840992708245,82.89833276065427,81.6809826604965,82.54261016845703,706500.0
2016-11-10,80.42410323010331,80.86677981742218,79.3332339171832,80.38458251953125,1366300.0
2016-11-11,79.673138676212,80.41619794984874,79.58618467478925,80.13162231445312,1842000.0
2016-11-14,79.11979059529432,79.38065258674617,78.62178627328626,79.09607696533203,1131800.0
2016-11-15,79.30951876676156,79.99723822070675,79.1751374977072,79.8154296875,721800.0
2016-11-16,79.39648288716575,80.06048879363236,79.39648288716575,80.0130615234375,1523400.0
2016-11-17,80.85885954780932,81.18295585563735,80.72447829897654,80.95372009277344,1162600.0
2016-11-18,80.4636284962679,80.65334358396375,79.91028427999866,80.40829467773438,949900.0
2016-11-21,80.39248041642321,80.66915553605797,79.8154286072661,80.36876678466797,680000.0
2016-11-22,79.76010086973773,80.30553253448883,79.7442877600729,79.79962158203125,1473000.0
2016-11-23,79.19095108093296,79.67314840920741,79.15142433693627,79.59410095214844,1293100.0
2016-11-25,80.67705895363058,80.73239277335585,80.40038985500418,80.5031509399414,400000.0
2016-11-28,80.01305107388188,80.58220236562869,79.72056887369703,80.4715347290039,963400.0
2016-11-29,80.56639387016457,80.92211646334161,80.41620551525065,80.70077514648438,968600.0
2016-11-30,80.93793051521176,80.9537436261025,80.02886962890625,80.02886962890625,1453100.0
2016-12-01,79.65731576488584,79.72055612739834,78.85102225111648,79.00911712646484,1286600.0
2016-12-02,79.40436085046937,79.65731627119432,78.98540400029364,79.35693359375,1626900.0
2016-12-05,80.33715825253705,80.36087791866693,79.68895942315147,79.94982147216797,806900.0
2016-12-06,79.8312414663017,79.86286165457663,79.31742396096914,79.47552490234375,966300.0
2016-12-07,80.02884892295364,81.23039174051382,79.98932821782152,81.1513442993164,1194400.0
2016-12-08,81.65725440082919,81.70468165892001,81.08019662668063,81.25410461425781,807600.0
2016-12-09,82.05250357664931,82.17897828436237,81.87859557647701,82.11573791503906,705200.0
2016-12-12,82.3212687435777,82.6295580152624,82.14736073782043,82.51889038085938,1192500.0
2016-12-13,84.21053391314595,84.63739738757774,83.69671643294468,83.7204360961914,1152100.0
2016-12-14,83.24614648512124,83.67300999626202,82.10784981968028,82.18689727783203,2077400.0
2016-12-15,81.96555495811563,82.05250896391085,81.22249564711421,81.46754455566406,920600.0
2016-12-16,81.85488309599891,82.17897943920156,81.61773472317073,82.15526580810547,888800.0
2016-12-19,82.13946630635576,82.49518286747046,81.87069772363431,81.94974517822266,607900.0
2016-12-20,81.89441245610764,82.00508010020357,81.53078933537327,81.78374481201172,641900.0
2016-12-21,82.28174199318217,82.48727018459017,82.05250620118657,82.13155364990234,510500.0
2016-12-22,81.70469197355084,81.973454511239,81.4991637776556,81.65726470947266,528700.0
2016-12-23,81.86279008759519,81.99717739264794,81.51498008581369,81.72840881347656,428900.0
2016-12-27,81.7758382571665,81.91812608970902,81.56240952381987,81.78374481201172,424500.0
2016-12-28,81.262035536092,81.68889304877985,81.19879515238456,81.23041534423828,464400.0
2016-12-29,81.89441245610764,82.0841275558529,81.65727008915964,81.78374481201172,629800.0
2016-12-30,82.37660621435373,82.54260767332079,82.01298310934007,82.16317749023438,526700.0
2017-01-03,82.24221796763688,82.4556466736557,81.76792726353567,82.42402648925781,652200.0
2017-01-04,83.42004759881722,83.52281471373948,83.08804468353142,83.45166778564453,652400.0
2017-01-05,83.63347992712217,84.62948864409921,83.56233300109021,84.43977355957031,694300.0
2017-01-06,84.13148132981907,84.4160569620813,83.83899914362354,84.09986114501953,535400.0
2017-01-09,83.688821258828,84.49511496367015,83.6572010700785,84.2342529296875,584000.0
2017-01-10,84.33700284525308,84.42395683884114,83.64927744985661,83.72832489013672,550100.0
2017-01-11,83.90224971784146,84.605782330131,83.61767405096768,84.50302124023438,603100.0
2017-01-12,85.0800643950985,85.21445169082833,84.64530041529927,84.87454223632812,495500.0
2017-01-13,84.62157997607603,85.45158716033617,84.50300579805796,85.15911102294922,573800.0
2017-01-17,84.08405057606288,84.54252815928155,84.06033091524812,84.47929382324219,723800.0
2017-01-18,84.94570124033066,85.05636889739584,84.50303061206995,84.80341339111328,578100.0
2017-01-19,85.11168458050942,85.26187895347785,84.67692060071018,84.87454223632812,458600.0
2017-01-20,84.8745421109539,84.8745421109539,84.27377065090137,84.85082244873047,1246100.0
2017-01-23,85.68082905259546,86.04445210954712,85.29349236620202,85.93378448486328,610100.0
2017-01-24,86.14721351786841,86.51083655078666,86.09978023118667,86.43968963623047,669800.0
2017-01-25,86.63733785424863,86.708484790658,85.85475773935347,85.87847137451172,679000.0
2017-01-26,88.97717506348269,89.16689620105059,88.44755045737494,88.64517211914062,1496900.0
2017-01-27,89.90204721319117,89.97318811514528,89.08784091713183,89.32498931884766,1472900.0
2017-01-30,87.64125778694344,88.35269095312414,87.60173104174025,88.27364349365234,669700.0
2017-01-31,88.46335012744066,88.77163939048212,88.17877449525878,88.5582046508789,546300.0
2017-02-01,87.96535454676457,88.64517355673821,87.73611269168653,88.41593170166016,594700.0
2017-02-02,87.43573062995948,88.26574404183482,87.41991751931224,87.90211486816406,646900.0
2017-02-03,88.38429991128841,88.81116337531208,88.18667827225525,88.44754028320312,466900.0
2017-02-06,88.31316778110524,88.5898368970241,88.02859211017885,88.48707580566406,306200.0
2017-02-07,88.59773511555277,89.29336111739975,88.5028745571916,89.18269348144531,377700.0
2017-02-08,89.93365996217538,90.32100274763815,89.50680249526971,90.1470947265625,549500.0
2017-02-09,90.14708998175027,90.45537926436356,89.81508706677197,90.2814712524414,557900.0
2017-02-10,89.24593398762282,90.26566237553375,89.23012087907198,89.98108673095703,393400.0
2017-02-13,90.47119842902555,90.53443881107036,89.98110054551522,90.21034240722656,478100.0
2017-02-14,89.62536986308953,89.86251825897239,89.19850636906095,89.65699005126953,437700.0
2017-02-15,89.38031018789358,90.43165870236233,89.38031018789358,90.36051177978516,359600.0
2017-02-16,90.11547229226969,90.5107155917972,90.11547229226969,90.27356719970703,604600.0
2017-02-17,90.96919757382057,90.96919757382057,90.23404480914257,90.77157592773438,431300.0
2017-02-21,90.55812672012426,91.48300045971341,90.47117272724893,91.23794555664062,733600.0
2017-02-22,90.92803979051058,91.74275335390121,90.87212855332635,91.65489196777344,749000.0
2017-02-23,91.89452713393202,92.36577818167706,91.79068761273024,92.07024383544922,666800.0
2017-02-24,91.37533208901178,92.05425596848742,91.33539288097951,91.67086029052734,499600.0
2017-02-27,91.61496388561599,91.93445931998923,91.3913189097153,91.71880340576172,396100.0
2017-02-28,91.42326307986909,91.79068067250078,91.26351842007031,91.30345153808594,366300.0
2017-03-01,90.71240279544391,91.25554325287001,90.64850248424811,90.83221435546875,535300.0
2017-03-02,90.52070858903895,91.03988795686627,90.51271952661631,90.70441436767578,380700.0
2017-03-03,90.06541158911331,90.26509545281237,89.78585539870818,90.04145050048828,766200.0
2017-03-06,89.67403019489751,89.85774203769878,89.36252384334294,89.6580581665039,374700.0
2017-03-07,88.94718757867257,89.3465553368046,88.8193869710135,88.91523742675781,773400.0
2017-03-08,88.93120567513188,88.93120567513188,88.61969932454114,88.65164947509766,512700.0
2017-03-09,88.86730391830034,89.22673241725705,88.59573070857523,88.93119812011719,255200.0
2017-03-10,89.69800764071597,89.80983013386937,89.37052312943187,89.76190185546875,354300.0
2017-03-13,90.28106770042632,90.46477953677866,89.82578873383862,90.07339477539062,421900.0
2017-03-14,89.85773982745707,90.51270266511136,89.8257896775876,90.31301879882812,369800.0
2017-03-15,90.38491139241852,91.17565782490078,90.1772384577728,90.98396301269531,428500.0
2017-03-16,91.66288912464148,91.82263378960086,91.34339370085436,91.77471160888672,388700.0
2017-03-17,92.6053913941993,92.94085882563812,92.50155188408637,92.7251968383789,717700.0
2017-03-20,93.1245621958409,93.14054031723624,92.74916165719931,92.821044921875,348200.0
2017-03-21,93.07664361541724,93.55588368004071,92.88494880834146,93.16450500488281,451600.0
2017-03-22,92.88495986053906,93.1884771823463,92.68527596869694,92.94886016845703,294600.0
2017-03-23,92.66928868824024,93.23639624764112,92.62136650897128,92.83702850341797,339600.0
2017-03-24,92.9328724647823,93.19645663737145,92.74916671579093,92.99677276611328,217000.0
2017-03-27,93.26035721069702,93.30827938990095,92.82105025510053,93.19645690917969,424800.0
2017-03-28,93.08463808375876,93.19646056887112,92.86099311353402,93.01274871826172,305800.0
2017-03-29,92.59740482623639,93.15651722702034,92.52551546392523,93.07664489746094,342900.0
2017-03-30,93.06867412240764,93.21244678141018,92.71723458452207,92.74119567871094,268800.0
2017-03-31,92.07025128089334,92.58144767874946,91.73478378650233,92.31786346435547,668700.0
2017-04-03,91.83859958745249,92.1980280823091,91.65488776292226,92.07821655273438,402500.0
2017-04-04,91.85457416227841,92.07821910695904,91.79866292610825,91.90249633789062,314200.0
2017-04-05,92.32583585752029,92.39772522315192,91.69484015914831,91.84659576416016,323300.0
2017-04-06,91.77471927871903,92.46163236441438,91.77471927871903,92.05427551269531,427900.0
2017-04-07,91.39930367735705,91.58301552399797,91.03987513924132,91.05584716796875,414700.0
2017-04-10,91.34339518417237,91.75075200846268,91.25553378885742,91.60697937011719,322500.0
2017-04-11,92.50155180248865,92.70922472866337,91.9664005060653,92.44564056396484,559200.0
2017-04-12,92.89294238235814,93.02073689532794,92.64533023007633,92.94086456298828,313700.0
2017-04-13,92.7331984863189,92.81307082456934,92.3418197631836,92.3418197631836,237700.0
2017-04-17,92.49357221671872,92.88495090069291,92.42967191496467,92.86897277832031,222200.0
2017-04-18,92.4935839244097,92.80509031755543,92.25396080943501,92.69326782226562,396900.0
2017-04-19,91.5990015710521,92.0622696953337,90.79227688481956,90.86416625976562,804900.0
2017-04-20,91.9184781367733,91.9184781367733,91.07181440591928,91.07980346679688,742800.0
2017-04-21,91.21558485991604,91.26351313017213,90.91206758634387,91.09577941894531,585800.0
2017-04-24,92.74117792513793,93.39614078102024,92.53350499214068,93.19645690917969,594200.0
2017-04-25,93.69966341293467,93.73161356551438,93.37218501326264,93.57186889648438,428100.0
2017-04-26,93.24438172680732,93.7076497851143,93.22042063652735,93.30029296875,696000.0
2017-04-27,93.56387706210596,93.89934451344847,93.45205457832512,93.82746124267578,493500.0
2017-04-28,93.17251178528709,93.84344678458366,92.89295553558017,93.79552459716797,375500.0
2017-05-01,93.563872896527,94.02714093377568,93.45205041772464,93.72361755371094,313800.0
2017-05-02,93.86739564967034,94.07506859119901,93.62777864993886,93.7396011352539,307200.0
2017-05-03,94.01117723797962,94.01916630022518,93.38816444794419,93.65174865722656,290700.0
2017-05-04,93.60382880553182,95.1853219129231,93.539928493712,95.0894775390625,444400.0
2017-05-05,94.97764792726441,95.48883819580078,94.83387528337177,95.48883819580078,341200.0
2017-05-08,95.95209259166587,96.10385428539169,95.51279172678476,95.76838684082031,369700.0
2017-05-09,95.96807614107287,95.96807614107287,95.44889682242821,95.61663055419922,263800.0
2017-05-10,95.53676342451472,95.56871357905028,95.14538469572457,95.43292999267578,427500.0
2017-05-11,94.99361545232188,95.72046160529452,94.89776499631594,95.71247863769531,748900.0
2017-05-12,95.52876092328944,95.96007880803784,95.40096641699438,95.74442291259766,447700.0
2017-05-15,95.42495247313703,95.48885278993751,95.02558463393841,95.16935729980469,629100.0
2017-05-16,96.88662246216235,97.24605101398903,96.5830990599484,97.19013977050781,623500.0
2017-05-17,97.44573437329322,97.8051629231883,96.75083227044512,96.790771484375,458500.0
2017-05-18,96.16777254058952,96.18374457213118,95.43293721228702,95.87223815917969,356000.0
2017-05-19,96.12782881659963,96.59908599223223,96.10386772347526,96.54317474365234,273100.0
2017-05-22,96.54317477507594,97.16618757198873,96.50323555727627,96.8227310180664,370100.0
2017-05-23,96.95051472433052,97.83711163447235,96.95051472433052,97.2380599975586,495700.0
2017-05-24,97.17415627894795,97.47767355149188,96.97447241951615,97.4537124633789,265900.0
2017-05-25,96.88661815309821,97.57353116752749,96.88661815309821,97.33390808105469,362800.0
2017-05-26,96.4153746029421,97.07033755837587,96.3514742917122,96.94254302978516,318200.0
2017-05-30,96.30355988603442,96.91858367317286,96.28758785387103,96.69493865966797,192000.0
2017-05-31,97.94094680070786,98.03679115828054,97.11026116982542,97.38182830810547,325000.0
2017-06-01,98.30039366301311,98.38825506975354,97.4776969397794,98.13265991210938,307200.0
2017-06-02,98.4042099668173,98.62786102294922,98.25245436749158,98.62786102294922,270900.0
2017-06-05,98.44415520703245,98.51603848050401,98.04478743742987,98.34830474853516,239500.0
2017-06-06,97.86108618146638,98.24448196311268,97.7253025876232,98.01284790039062,267000.0
2017-06-07,98.3083589428025,98.3083589428025,97.04635549117094,97.53358459472656,442300.0
2017-06-08,96.63900560323673,96.69491684399861,95.57669202876069,95.76838684082031,349900.0
2017-06-09,95.72046614452961,96.0559397095249,95.12141447728837,95.48883819580078,319600.0
2017-06-12,94.94569382762953,95.3770117413811,94.66613151944112,95.30512237548828,298300.0
2017-06-13,95.74442832378034,95.92014501813352,95.37701071834817,95.59266662597656,418100.0
2017-06-14,96.5751124067073,96.7348570694522,95.97606078061155,96.28756713867188,364200.0
2017-06-15,95.3450606916283,96.31152993424682,95.32109350731069,96.15177917480469,335400.0
2017-06-16,96.87863145295769,97.26202108801621,96.47926369501518,97.2380599975586,338400.0
2017-06-19,97.87706539159707,98.1166824256468,97.66939242032521,98.0048599243164,248700.0
2017-06-20,98.26044298199152,98.39623265448556,97.41378526365772,97.58950805664062,220700.0
2017-06-21,97.34988903328708,97.74925681810446,97.19813341888727,97.24605560302734,260600.0
2017-06-22,96.03199089687958,96.14381340155317,95.52079446911097,95.54476165771484,422600.0
2017-06-23,95.16934075158174,95.52078024513624,95.0175790490366,95.2572021484375,373100.0
2017-06-26,95.88819778673933,96.26359834730798,95.792347334372,96.00800323486328,326900.0
2017-06-27,96.46328729588318,96.75083257424954,96.15976998821579,96.18373107910156,459600.0
2017-06-28,96.44731112351388,97.27000770921728,96.31951051912162,97.05435180664062,444800.0
2017-06-29,96.3514540381605,96.44730448485711,95.6565581046804,95.96007537841797,337300.0
2017-06-30,96.10385733544982,96.19171872998815,95.37701118247718,95.71247863769531,326300.0
2017-07-03,94.98562365153792,95.38499139924254,94.96166256169457,95.16134643554688,190800.0
2017-07-05,94.75399183542146,95.47285501682087,94.7220416835961,95.3131103515625,283700.0
2017-07-06,94.1229848903348,94.90574833249114,94.0990238012459,94.5782699584961,298400.0
2017-07-07,94.33066018181137,94.76996713900573,94.24279879037249,94.482421875,324600.0
2017-07-10,95.137396471256,95.48085301820117,94.97765179104059,95.22525787353516,285100.0
2017-07-11,94.24279987282355,94.7619791662342,94.0351330305539,94.47443389892578,333800.0
2017-07-12,95.86423281964797,96.51919569129716,95.74442736875409,96.1597671508789,347500.0
2017-07-13,96.29554475821024,96.30353381906428,95.52875945065622,95.91215515136719,287300.0
2017-07-14,96.75882641804066,97.25404466500694,96.59908174166122,97.24605560302734,267000.0
2017-07-17,97.17417421236894,97.19014624276929,96.70291704832849,96.75083923339844,288900.0
2017-07-18,96.27159777221787,96.71888774368033,96.20769746376071,96.55914306640625,346600.0
2017-07-19,96.60705396485443,96.88661625822787,96.39938712743223,96.74284362792969,402900.0
2017-07-20,96.59907323314687,97.27799718876253,96.59907323314687,97.00642395019531,255200.0
2017-07-21,96.46329890388526,96.57512749792339,95.87223624672541,96.3674545288086,335500.0
2017-07-24,95.33708057764038,95.46487510331932,94.70607872982782,95.1453857421875,396400.0
2017-07-25,95.8003452044173,95.87222847990137,94.92972027349722,95.36103820800781,391800.0
2017-07-26,96.1118347931837,96.5112025041895,95.97605123396997,96.33547973632812,338600.0
2017-07-27,102.90907402736643,103.14071413654236,100.9042524047792,101.62311553955078,1185100.0
2017-07-28,104.02731122355549,104.02731122355549,102.80524693860019,103.9074935913086,862400.0
2017-07-31,104.34681396553242,104.50655864135454,103.99536836608122,104.29090881347656,476500.0
2017-08-01,104.2509701904786,104.58643766793418,103.95542974140248,103.99536895751953,327300.0
2017-08-02,103.99536292307371,104.28290819959874,103.72379576961589,104.2749252319336,554500.0
2017-08-03,104.17108318017512,104.45862844970708,103.71581027959587,103.7557373046875,351800.0
2017-08-04,104.4426430060045,105.6247802466263,104.39472082906444,105.56886291503906,698000.0
2017-08-07,105.8164654701674,106.2318113028648,105.64074270201601,106.19986724853516,376200.0
2017-08-08,106.23980224424945,106.36760284663187,105.60880657505767,105.87239074707031,400300.0
2017-08-09,105.47652705528145,106.27959051882755,105.33052226780916,106.02812957763672,389500.0
2017-08-10,105.1845204380989,105.25752284247834,104.65726434760121,104.7059326171875,318900.0
2017-08-11,104.6491478477043,105.27375287354096,104.48691615173615,105.05473327636719,249200.0
2017-08-14,105.47654442638836,106.40127869845739,105.37108825530207,105.85779571533203,271000.0
2017-08-15,106.56350428581618,106.75818973416833,106.230933663922,106.5553970336914,290000.0
2017-08-16,108.7455532626906,109.0456824918103,108.4048630188965,108.7131118774414,631300.0
2017-08-17,109.07815954874114,109.09438643357302,107.77217381322185,107.78028106689453,505400.0
2017-08-18,107.56125874388044,107.6180342666042,106.62029759530711,107.1151123046875,333400.0
2017-08-21,107.55314777803522,107.86139668403378,107.39902332503594,107.74783325195312,226700.0
2017-08-22,107.8451477336929,108.10472831246996,107.57745990338526,107.7640380859375,282100.0
2017-08-23,107.95871284504243,108.0236079907601,107.3908957918672,107.52879333496094,290300.0
2017-08-24,107.59369965195015,107.65859480440577,107.03398979231959,107.05021667480469,272900.0
2017-08-25,107.7234932178186,108.03172972945767,107.33413466878315,107.51258087158203,282000.0
2017-08-28,107.59369599557499,107.73971317800918,106.89608860223994,107.41523742675781,236000.0
2017-08-29,107.22054616457818,107.6180242967609,107.14754376606002,107.56124877929688,344900.0
2017-08-30,107.69915383673192,108.00739033335867,107.5450293996763,107.83705139160156,227100.0
2017-08-31,108.43730874359505,109.05380648535589,108.32374532445243,109.02947235107422,320000.0
2017-09-01,110.09211217712165,110.09211217712165,109.15927062159527,109.37017059326172,406500.0
2017-09-05,109.55673864488853,109.62163380151821,108.64823120704388,109.19982147216797,331100.0
2017-09-06,109.32148281763325,109.45126072762903,108.72931927256715,109.1673583984375,425100.0
2017-09-07,109.84065620218367,110.10022445782005,109.60540970623093,109.97855377197266,333500.0
2017-09-08,110.71671306608168,111.40620085769218,110.60314964290555,110.83027648925781,554200.0
2017-09-11,110.6436829546926,111.29262201614631,110.56257330793781,111.1060562133789,379500.0
2017-09-12,111.4711050562615,111.60900262577374,111.00062444278603,111.4143295288086,435300.0
2017-09-13,110.51392387403429,110.66803594237132,109.41073099484306,109.58106994628906,526500.0
2017-09-14,109.57296174255691,109.7351934397831,108.89158118771583,109.45127868652344,349700.0
2017-09-15,110.10832336042637,110.36789156719853,109.75951349751826,109.80818176269531,359300.0
2017-09-18,110.15701257273629,110.47336873402804,109.82442952747202,110.20568084716797,302300.0
2017-09-19,110.10833877168643,110.40036078110502,109.66219231597954,109.92176055908203,278400.0
2017-09-20,107.65859541841823,107.96684429996927,105.85779515432971,106.83931732177734,529900.0
2017-09-21,106.48238063157771,107.13942691433557,106.24713419856408,106.91230010986328,270300.0
2017-09-22,107.22055573493407,107.52880461505833,107.07455092486556,107.16378021240234,290600.0
2017-09-25,107.31789821385024,107.52879816379101,106.66895910501495,107.13133239746094,612600.0
2017-09-26,106.54728857589545,106.644625110228,105.98757874851528,106.19847869873047,282000.0
2017-09-27,105.5171059191928,106.2552743651493,105.44410351310522,105.92269134521484,372300.0
2017-09-28,106.51484386862406,107.12322201489447,106.45806834459773,106.78253173828125,287800.0
2017-09-29,107.20433443864566,107.50446366976345,106.71762701428017,107.18000030517578,260800.0
2017-10-02,107.18000495471831,107.30167562734586,106.18225592923443,106.28771209716797,316600.0
2017-10-03,106.5391712306237,107.1881103542169,106.53106397841682,106.79875183105469,275500.0
2017-10-04,108.02360473016532,108.25073154457979,107.69914138885409,107.84514617919922,303800.0
2017-10-05,107.9506186991011,108.10474314170655,107.59370154306424,107.69915771484375,203300.0
2017-10-06,107.05021553534951,108.00739117454091,107.05021553534951,107.85327911376953,248900.0
2017-10-09,108.45354582074944,108.68067268038567,108.35620927447263,108.42110443115234,343000.0
2017-10-10,109.26470269184937,110.10832724294372,109.24036855840279,109.6702880859375,339300.0
2017-10-11,109.87307617770348,110.1732177734375,109.58105421110062,110.1732177734375,228500.0
2017-10-12,109.87308994593359,110.7734900909982,109.71896550292934,110.36790466308594,338700.0
2017-10-13,110.24622017071736,110.64368591867442,110.07586886624759,110.1732177734375,197600.0
2017-10-16,109.66218107813083,110.0596468436325,109.55672491463824,109.89741516113281,173700.0
2017-10-17,109.50805311096583,109.64595065551124,108.97267743627172,109.20792388916016,301600.0
2017-10-18,110.0515561834811,110.27868304872011,109.86499033935314,109.97855377197266,268700.0
2017-10-19,110.19756727931727,110.52203067525974,109.85686462284696,110.28679656982422,259800.0
2017-10-20,110.61126100800043,110.65992928010186,109.5161753757771,109.75952911376953,360100.0
2017-10-23,110.15700626045316,110.58692582994527,110.07588422272497,110.28679656982422,387900.0
2017-10-24,110.2786532351953,110.34354837593165,109.25658261793365,109.33769226074219,299600.0
2017-10-25,109.7676377168407,109.95420353364885,108.97268142742779,109.57295227050781,323000.0
2017-10-26,109.78386724848345,110.03532824849,109.4512842070296,109.73519897460938,1027900.0
2017-10-27,110.5058042363487,111.55222159081636,110.2462359940485,110.74105072021484,652400.0
2017-10-30,110.98439560749692,111.19529556114243,110.61935884284446,110.77348327636719,379600.0
2017-10-31,111.00871849002003,111.41430385187253,110.78159167758128,111.13849639892578,448800.0
2017-11-01,110.70046468919351,110.83836222074056,109.04566955566406,109.04566955566406,379800.0
2017-11-02,109.1917129569708,109.63785941771437,108.77802026290972,109.49996185302734,251300.0
2017-11-03,109.91364675178002,110.47335660124564,109.83252471831258,110.16510772705078,235600.0
2017-11-06,110.41657360746864,111.13851517845617,110.41657360746864,111.04928588867188,346300.0
2017-11-07,109.7270891845682,110.14888913338203,109.32150374168037,109.56485748291016,287900.0
2017-11-08,109.0619214467316,109.7919826592399,109.00514592188927,109.53240203857422,240300.0
2017-11-09,109.65406978550763,110.1894455181962,109.37016741391939,109.80008697509766,220700.0
2017-11-10,109.79196824373727,110.35978530503345,109.44315837770156,110.32733154296875,197000.0
2017-11-13,109.73520348038508,110.35168893724614,109.58107902179826,110.2786865234375,238600.0
2017-11-14,110.35979811040056,110.71671526962477,109.96231993263088,110.65992736816406,219900.0
2017-11-15,110.00288226472591,110.00288226472591,109.34583583989239,109.58106994628906,191300.0
2017-11-16,110.68424185156087,110.88703453079697,110.27054924181309,110.34355163574219,177400.0
2017-11-17,110.82216004707519,110.83027967734729,110.14077948841815,110.40036010742188,385600.0
2017-11-20,111.36562138797147,111.93345078725424,111.19528247017286,111.26017761230469,323400.0
2017-11-21,112.25792208856151,112.28225622140285,111.65765126434665,111.87667083740234,263300.0
2017-11-22,112.22548727654326,112.28226279733697,110.9762772892695,111.6333236694336,238200.0
2017-11-24,114.0749464118524,114.0749464118524,113.23132190135982,113.41790008544922,291800.0
2017-11-27,113.65312503875951,113.73424705815846,112.70405682370708,113.22320556640625,468400.0
2017-11-28,114.21284365039313,114.27773879544958,113.71802899963551,114.24528503417969,458100.0
2017-11-29,114.0749668375454,114.20474477375727,112.53373471173083,112.86631774902344,574400.0
2017-11-30,113.15833519747608,113.37735479581217,112.07136921348742,112.32283020019531,485100.0
2017-12-01,112.2984858955383,112.9636395055513,112.12002733194079,112.93119812011719,362800.0
2017-12-04,113.55580286361388,113.61257838238002,112.93119789228265,113.4827880859375,478100.0
2017-12-05,114.09928312144265,114.32640994613261,113.353007500678,113.58824157714844,443300.0
2017-12-06,115.44583553251763,115.69729650302874,114.33452310697423,115.64862823486328,734800.0
2017-12-07,114.65089500309102,114.99158530461136,114.26153642670864,114.66712188720703,385800.0
2017-12-08,114.45622388092971,115.12137761134524,114.18853598707801,115.04026794433594,369200.0
2017-12-11,114.6752405842704,114.98348952580568,114.48867471951931,114.91859436035156,500400.0
2017-12-12,114.6103136368779,114.93478937416998,113.7829283561216,114.05872344970703,500400.0
2017-12-13,114.45623796860454,114.99160144471615,114.39134280051786,114.68336486816406,791700.0
2017-12-14,114.86989932762555,115.25115059994623,114.65087974241308,115.05646514892578,304400.0
2017-12-15,114.28587706211425,114.97537733515898,114.15608673677862,114.8131332397461,293300.0
2017-12-18,116.23267089095509,116.53281253567722,115.72974890207517,115.835205078125,394200.0
2017-12-19,115.73783944436128,116.11909069620289,115.13758099655561,115.25114440917969,434400.0
2017-12-20,116.36247268975087,116.36247268975087,115.34040172767318,115.58375549316406,314500.0
2017-12-21,116.04609220522086,116.60580203538817,115.76218985284252,115.8919677734375,363900.0
2017-12-22,116.38678002030741,116.66258749232782,115.98119463040636,116.22454833984375,318700.0
2017-12-26,115.98120634377204,116.4760210645238,115.84330878257697,116.31378936767578,241700.0
2017-12-27,116.80049680825759,117.09251881350944,116.43546001857898,116.7031478881836,304900.0
2017-12-28,117.44129859678314,117.70898642593873,117.222279031568,117.4250717163086,292400.0
2017-12-29,118.87708879073602,119.07176187027619,118.34982031951708,118.45527648925781,325200.0
2018-01-02,119.29078112779865,119.29078112779865,117.62787843897517,117.72522735595703,889500.0
2018-01-03,117.57922849189902,118.17949945980436,117.36020886641528,118.07404327392578,640600.0
2018-01-04,117.83067360390275,118.12269560596572,117.25474922989396,117.39264678955078,409400.0
2018-01-05,117.68464842640172,117.80631908225425,117.20606067673808,117.5629653930664,241700.0
2018-01-08,117.61979228676881,117.78202400752905,117.1655385176454,117.57923126220703,293700.0
2018-01-09,117.13305105102229,117.27906822194218,116.63823639968176,117.11683654785156,440200.0
2018-01-10,116.34622033680552,116.81670087977102,115.69729360752727,116.69503021240234,388500.0
2018-01-11,116.88158571948284,117.46562962630897,116.6625785375352,116.80047607421875,381000.0
2018-01-12,117.80633946852124,117.93612977554588,117.10062478748782,117.39264678955078,414200.0
2018-01-16,116.35436144757888,116.8491762153706,116.0623394144971,116.11100769042969,399200.0
2018-01-17,117.14117409872428,118.43093265498729,117.05194481874788,117.69276428222656,346200.0
2018-01-18,117.68467192382418,118.15515251619675,117.27097923384316,117.74144744873047,421300.0
2018-01-19,118.15514338055168,118.60128980239946,117.71710421092502,117.814453125,364600.0
2018-01-22,117.70902224562106,117.94425638541095,117.30343675271732,117.87125396728516,435200.0
2018-01-23,118.30112485570562,118.74727118957051,117.8630981499449,118.52825164794922,333200.0
2018-01-24,118.0010232410538,118.35794039152337,117.06818172481402,117.36019134521484,452400.0
2018-01-25,119.61523868248038,119.74501658956216,117.38451922364364,117.5629653930664,555800.0
2018-01-26,118.26872153796656,118.6499728571048,117.10063344337159,117.6360092163086,421900.0
2018-01-29,115.76221323411086,116.64638661057413,115.03215194307393,115.06460571289062,671000.0
2018-01-30,115.85954179620803,116.11911004940289,115.51885150155405,115.6161880493164,409000.0
2018-01-31,116.20830132679096,116.99513783708726,116.09473793239158,116.77613067626953,472300.0
2018-02-01,115.99744362068735,116.7599462794309,115.79465088708474,116.32190704345703,411200.0
2018-02-02,115.97308346176077,116.00552484576433,114.81310284952805,114.92666625976562,358000.0
2018-02-05,112.99611435257779,113.15834606498733,109.5648647440453,109.61353302001953,585000.0
2018-02-06,109.37828076471229,111.22774941940001,108.85913188580847,111.15474700927734,720500.0
2018-02-07,110.67614698245923,111.99835935979891,110.1651054128157,110.22189331054688,482200.0
2018-02-08,111.79555120933033,111.81176571145498,109.26469022235783,109.28902435302734,502600.0
2018-02-09,110.14076947256845,110.33545491911718,107.79648637187023,109.68651580810547,508000.0
2018-02-12,110.61123684228545,111.33317826819668,110.26242700595571,110.83836364746094,393600.0
2018-02-13,111.38188319296253,111.50356626417089,110.80595873936426,111.18721008300781,460300.0
2018-02-14,111.5035317872199,112.41203902606212,111.24395121756051,112.37958526611328,520300.0
2018-02-15,112.99610264603321,113.85594177246094,112.55806345267399,113.85594177246094,340400.0
2018-02-16,113.62879221594736,114.48863117054793,113.58823120578116,113.969482421875,255500.0
2018-02-20,113.02854533829337,113.59636246819481,112.61485265311198,112.77708435058594,351100.0
2018-02-21,112.95553895952078,113.75048291343248,111.99836331383922,112.02269744873047,346800.0
2018-02-22,112.55792169304128,112.9267465717059,111.90222607188542,112.06614685058594,429800.0
2018-02-23,113.33653775366682,114.02501242464386,113.0742670483978,113.99223327636719,322200.0
2018-02-26,114.37745635221829,114.59875625342187,113.68077749963584,114.26271057128906,217700.0
2018-02-27,113.77093534552444,113.77093534552444,112.29562352054698,112.31201934814453,436100.0
2018-02-28,112.28743873394798,112.32021788479767,111.13177669143886,111.17276000976562,425400.0
2018-03-01,110.10725278884259,110.34494852382178,108.7876700210398,109.64826965332031,687100.0
2018-03-02,108.22211040034911,108.88600998385284,107.55003166402231,108.83682250976562,682600.0
2018-03-05,108.12377035634643,109.83676525643949,107.91886630112904,109.77119445800781,472900.0
2018-03-06,109.74661745064896,109.74661745064896,108.82865119765871,109.36139678955078,372200.0
2018-03-07,108.85323391275486,109.07453380559363,108.39425080638681,108.95158386230469,348600.0
2018-03-08,110.22199505573978,111.3038945603944,110.02529515042227,111.27110290527344,428200.0
2018-03-09,111.13999119158554,111.68913269042969,110.87770793499215,111.68913269042969,226100.0
2018-03-12,111.91861345733312,112.67265898754535,111.77928018063277,111.98418426513672,395200.0
2018-03-13,111.66451619002609,111.88580356064209,110.77112502240122,110.8203125,252200.0
2018-03-14,111.97596134572132,112.13169042488173,110.59080796542176,111.23831176757812,248400.0
2018-03-15,111.40224040558573,112.03334842669825,111.11538221879029,111.221923828125,214100.0
2018-03-16,111.24652104427817,111.53339176251305,111.06620445104814,111.3776626586914,224100.0
2018-03-19,110.82851435764836,111.4760057159106,110.66459360295492,110.81211853027344,252700.0
2018-03-20,111.09898363884275,111.27930021183529,110.69736717965912,110.83670043945312,366600.0
2018-03-21,110.36132358632854,110.59081513691498,109.25484914736208,109.54991149902344,379900.0
2018-03-22,109.33680424744193,109.96791227037846,108.94339194382314,108.96797943115234,442600.0
2018-03-23,109.54170430990715,110.0908581904632,108.2221216772697,108.25491333007812,502400.0
2018-03-26,110.10724907685527,110.4105156075927,109.54171183738366,110.361328125,362400.0
2018-03-27,109.64827931841899,110.05808751216591,108.79588377822095,109.02537536621094,362300.0
2018-03-28,110.72195408808673,111.35306209026481,110.26297099790311,110.73834991455078,302900.0
2018-03-29,111.21374682024516,111.71371330428387,110.8613052791917,110.99244689941406,718200.0
2018-04-02,110.8367048507848,110.95145062849684,109.2384556232413,109.55810546875,194200.0
2018-04-03,110.74653648844327,110.77112397383452,109.78758703913239,110.34493255615234,301100.0
2018-04-04,110.7793439259392,113.00049713180152,110.71377312010179,112.94313049316406,667700.0
2018-04-05,113.32013739713068,114.73808250387343,113.19719996306691,114.49219512939453,384100.0
2018-04-06,114.74628493927787,115.4265679864659,113.86109781184113,114.06600189208984,452300.0
2018-04-09,116.54945133000959,116.54945133000959,115.49215166091818,115.5003433227539,663500.0
2018-04-10,117.45102503662321,117.63953329467084,116.76255030660782,117.14775848388672,917100.0
2018-04-11,117.24610237321595,117.36903980325711,115.7789823408528,115.869140625,385000.0
2018-04-12,116.27895259288752,116.27895259288752,115.68063623624417,115.9347152709961,304600.0
2018-04-13,116.52483893582404,116.75433048171985,116.0822516705539,116.38550567626953,370400.0
2018-04-16,115.39374584609888,115.86093302869669,114.64790469585299,115.63963317871094,1143500.0
2018-04-17,114.72167524780606,115.11508750396689,114.20531306347925,114.55775451660156,1664300.0
2018-04-18,114.73808102754859,115.1396849778904,114.40203537029633,114.56595611572266,867200.0
2018-04-19,115.45116376579946,115.45116376579946,113.73816853343966,114.16436004638672,497100.0
2018-04-20,113.229983624517,113.42669603321333,112.73001719547172,112.93492126464844,734200.0
2018-04-23,111.97598539786125,112.58250601898848,111.87763543467703,112.49234771728516,281500.0
2018-04-24,113.42670755900787,113.52505752017387,112.11531638047977,112.4841537475586,243100.0
2018-04-25,112.48411482817566,112.97587697020965,112.09889427175717,112.78736877441406,244700.0
2018-04-26,114.1971437646601,114.50860196937921,113.66438565099041,114.04960632324219,268500.0
2018-04-27,114.86102197073583,115.69703405621921,114.56595961740943,115.44295501708984,361500.0
2018-04-30,116.12325619605319,116.76256855251589,116.11506453358948,116.3527603149414,429200.0
2018-05-01,116.26257375909091,116.28716124686402,115.72162401537878,116.22978210449219,437500.0
2018-05-02,116.47566506572342,116.52484003940235,114.88560754956393,115.13968658447266,471500.0
2018-05-03,115.82820823813803,116.22162065111124,115.3937999930853,115.98392486572266,421400.0
2018-05-04,117.37724778525428,118.02473911510505,117.2706936715207,117.65591430664062,653900.0
2018-05-07,117.63131567156807,117.77884057843193,117.24609507295665,117.705078125,325100.0
2018-05-08,117.4428131021127,117.99196702392342,117.05760495030917,117.94277954101562,392500.0
2018-05-09,117.80343871416305,118.47553003424412,117.54116802057503,118.07391357421875,376200.0
2018-05-10,118.48372117724224,118.53289615042841,117.64770911402348,118.10670471191406,365600.0
2018-05-11,118.90172915679716,119.00827075939243,118.49192105328248,118.59027099609375,232900.0
2018-05-14,118.64764083189203,118.78697409008824,118.2050535709365,118.42635345458984,197800.0
2018-05-15,118.29522326196525,118.58208146602068,117.59854439746198,118.36079406738281,241400.0
2018-05-16,119.34431925950165,119.9426356031615,119.09843189024313,119.4918441772461,514900.0
2018-05-17,120.04919986139805,120.13935815420145,119.63120005277437,119.89347076416016,396700.0
2018-05-18,119.48365283102025,119.55741529008615,119.02466974391972,119.22138214111328,245900.0
2018-05-21,119.34433572093586,119.64758976458424,119.23778159474466,119.43449401855469,272100.0
2018-05-22,119.91803528078502,120.26227255835916,119.68854376240226,119.7623062133789,283900.0
2018-05-23,119.22140136644721,119.29516383740787,118.37718500882475,118.87715148925781,479700.0
2018-05-24,121.42614034141445,121.60645691381367,119.91804946894025,120.08197021484375,916800.0
2018-05-25,119.99179428963758,120.57372723435377,119.80328608487716,119.94261932373047,807700.0
2018-05-29,119.93446048601308,120.26230201934361,118.74601929474888,119.43449401855469,363200.0
2018-05-30,119.27877720829827,119.86890203420576,118.81979401178225,119.71317291259766,250700.0
2018-05-31,120.65571667096378,120.68030415856816,119.46726307377689,120.09017944335938,370200.0
2018-06-01,119.5819922447041,119.63117971943385,118.6394386671596,118.70500946044922,521500.0
2018-06-04,121.00815019050846,121.47533748517047,120.48359625807433,120.90159606933594,323600.0
2018-06-05,121.89332240914963,121.91790989467076,120.44259823164997,120.48358154296875,409400.0
2018-06-06,120.19673253110152,120.36066580591952,119.52465362848902,120.15576171875,277600.0
2018-06-07,118.90993389981486,119.09844214639426,118.0083509703443,118.17227172851562,316600.0
2018-06-08,119.04925037039338,120.00819980204689,119.04925037039338,119.96721649169922,309100.0
2018-06-11,120.86062357771765,121.3605900146712,120.77046528559973,121.12289428710938,309300.0
2018-06-12,120.00820622124286,120.94256821793654,119.85247713740208,120.5655517578125,477800.0
2018-06-13,121.45073443176322,121.91792171465993,121.03273463102823,121.45893859863281,243500.0
2018-06-14,121.22943756737413,121.83594556343616,120.85240860504155,121.28680419921875,269600.0
2018-06-15,121.72943293791978,121.99990785447761,121.19667476663172,121.77041625976562,582500.0
2018-06-18,119.40168736440492,119.75412884950333,118.75419604017938,119.41808319091797,342500.0
2018-06-19,118.40997176046497,118.81158826297604,118.13949687179662,118.74601745605469,380200.0
2018-06-20,118.84434483654982,118.87712398060717,117.91817456096393,118.06571197509766,565200.0
2018-06-21,118.95911314988818,119.11484225296832,118.27063843702588,118.61487579345703,343100.0
2018-06-22,119.14760462665909,120.00001248991042,118.72960486121043,119.61479187011719,371900.0
2018-06-25,117.50019744046878,117.76246816247837,116.60681864327108,117.15596008300781,492400.0
2018-06-26,116.90187744787205,117.50838550879936,116.8772899592589,117.07398986816406,824100.0
2018-06-27,116.76255231568112,117.42643956721577,116.45109409640187,116.52485656738281,901700.0
2018-06-28,117.37725078009358,118.21325036558281,117.24610917620643,118.02474212646484,459600.0
2018-06-29,118.25422070638908,118.40175812116367,117.7542543394785,118.03292083740234,438900.0
2018-07-02,116.14783826186618,116.9510587817082,116.0248883057655,116.48387145996094,510000.0
2018-07-03,117.85264912860076,118.1805032271183,117.14777844973189,117.68872833251953,207100.0
2018-07-05,118.54109796274764,119.34431835699024,118.31979808145338,119.27874755859375,303900.0
2018-07-06,119.52465200919822,119.59022281696649,118.94271890672535,119.31974792480469,266500.0
2018-07-09,119.81151048432618,119.81971465178557,118.9755108227549,119.30335235595703,250700.0
2018-07-10,120.19671324060346,120.75405877155913,119.86887175628904,120.62291717529297,282200.0
2018-07-11,119.49185896563323,120.4016335900382,119.41809649763212,119.65579223632812,206700.0
2018-07-12,120.62290464268038,120.90977529141313,120.33604650029731,120.87698364257812,206800.0
2018-07-13,121.22945470342214,121.68843784846115,120.98356730247902,121.590087890625,237400.0
2018-07-16,120.61474395236938,120.67211059303543,120.04920667508162,120.32787322998047,272500.0
2018-07-17,120.68029098232901,121.65562373230064,120.68029098232901,121.42613220214844,201700.0
2018-07-18,121.99988983011241,122.11463561051576,121.20486102790626,121.38517761230469,296100.0
2018-07-19,121.29501648444023,122.02447446559785,121.1556832190901,121.79498291015625,216200.0
2018-07-20,123.03258513638674,124.01612204996817,122.84407691698499,123.8276138305664,431400.0
2018-07-23,123.22930968441624,123.24569300504186,121.91791866597269,122.4014892578125,476100.0
2018-07-24,122.69653623997701,122.83586948594855,122.11461577188116,122.27033233642578,313800.0
2018-07-25,122.9014581213824,123.72927856445312,122.59820410120506,123.72927856445312,386900.0
2018-07-26,120.98357451487365,121.84417421630253,120.88522455117439,121.21306610107422,481400.0
2018-07-27,121.4589195635246,122.03264836864341,121.31958631844932,121.52449035644531,372900.0
2018-07-30,120.72127960926403,121.09830861094929,120.03280491716286,120.1065673828125,435800.0
2018-07-31,120.99176851343515,121.23765593378624,120.39345204545202,120.70491027832031,312200.0
2018-08-01,120.79504323520916,120.81963072144958,120.21311021269996,120.43441009521484,497100.0
2018-08-02,120.26229775518004,120.44261434402416,119.49185642218286,120.18034362792969,223000.0
2018-08-03,119.66396547859688,120.79503983926243,119.49184057340184,120.74586486816406,274400.0
2018-08-06,119.82789816873687,120.24591047746495,119.66397741327674,119.85248565673828,259300.0
2018-08-07,120.18854252808055,120.31968414720305,119.64759272896508,119.8033218383789,209900.0
2018-08-08,119.58202336027696,119.83611494027085,119.04108606099676,119.59841918945312,236000.0
2018-08-09,119.76476546161844,120.06419866545174,119.5984038104572,119.72317504882812,214900.0
2018-08-10,119.37384271403721,119.79803447986576,118.25096498642702,118.60862731933594,277300.0
2018-08-13,118.60862731933594,118.97458996684412,118.38404923549139,118.60862731933594,337700.0
2018-08-14,119.77307238400829,119.81466279468613,118.7084238670349,119.19915771484375,550300.0
2018-08-15,116.38779898433694,117.16965291788689,116.2214500539584,117.05320739746094,422400.0
2018-08-16,117.63547326826847,118.27593018476693,117.43585956352068,117.51902770996094,194300.0
2018-08-17,117.66041847032884,118.62524749957853,117.49405682137125,118.34245300292969,199000.0
2018-08-20,119.07440612140039,119.3488876179541,118.75002120576639,118.89141845703125,192000.0
2018-08-21,118.99123219180673,119.09936473382271,117.92658355101418,118.20106506347656,298500.0
2018-08-22,117.96819234391167,118.35079376637975,117.88501149992388,118.12622833251953,176200.0
2018-08-23,117.95152008451117,118.11786903355254,116.920148985488,117.14471435546875,265600.0
2018-08-24,117.66874694824219,117.860047639763,117.36100070210694,117.66874694824219,217300.0
2018-08-27,117.95152574308942,118.11787470011116,117.28611722339056,118.08460998535156,222900.0
2018-08-28,117.99309762064179,118.2176756577305,117.15302727009431,117.2278823852539,297200.0
2018-08-29,117.81844798502387,118.24265244412929,117.17800383066242,118.1927490234375,368600.0
2018-08-30,117.51901818070127,117.9515356586066,117.16136852761954,117.40257263183594,225000.0
2018-08-31,116.88688665367401,117.12810344875929,115.71410547053972,115.955322265625,348900.0
2018-09-04,115.9469598968398,116.38779024044901,115.73902057658606,116.0218276977539,604900.0
2018-09-05,115.50615860454786,115.94698905903172,115.20672540040674,115.8305435180664,543600.0
2018-09-06,116.11336171387416,116.34625281787478,115.34813358174263,116.01354217529297,443000.0
2018-09-07,114.9072985574576,115.96363418215739,114.88234684669887,115.55606842041016,191200.0
2018-09-10,116.52923911511299,116.83698535068638,116.20485417470468,116.3296127319336,256700.0
2018-09-11,115.63094180182463,116.13831443099245,115.28991814958111,116.03018188476562,202900.0
2018-09-12,115.8721512029617,116.44606598741505,115.83888648270403,115.86383819580078,271000.0
2018-09-13,116.06342482632633,116.22978646364932,115.66418481829542,115.92202758789062,215700.0
2018-09-14,116.42941495965141,117.16967865027837,116.04681360491621,116.80370330810547,312600.0
2018-09-17,115.788970858055,116.12166879203774,115.3481276926895,115.40635681152344,472900.0
2018-09-18,115.50617153748924,115.71411093332492,114.89899205530082,115.19842529296875,319200.0
2018-09-19,114.68272939667537,114.84907836014483,114.15871810471482,114.39160919189453,276300.0
2018-09-20,116.08007140219357,117.31939461129242,116.02185497847047,117.15304565429688,317700.0
2018-09-21,117.21125917814392,117.67704132285249,116.9950068085611,117.4857406616211,227500.0
2018-09-24,117.26118532206297,117.40258259399673,116.67064452114043,116.76213836669922,220400.0
2018-09-25,117.13638765041196,117.64376013519576,116.93676131994283,117.1280746459961,204800.0
2018-09-26,118.31750466019794,118.51713102965952,117.93489062496627,118.05966186523438,298300.0
2018-09-27,118.40900829262695,118.85815179657138,117.9182743718178,117.96817779541016,233500.0
2018-09-28,118.32583220710299,118.5088198953601,117.61052015981078,117.83509826660156,245000.0
2018-10-01,119.04944704070222,119.73980724232963,118.78327856660479,119.61503601074219,460900.0
2018-10-02,118.70009447572224,119.28232207000481,118.07627647650312,118.84149169921875,276400.0
2018-10-03,119.58178175287098,119.76476942190958,118.63357869131305,118.89973449707031,316100.0
2018-10-04,117.8517003948037,117.88496510433801,116.67891949086372,117.2278823852539,295800.0
2018-10-05,116.66230179230863,117.01163841755229,116.13830320024918,116.52090454101562,306900.0
2018-10-08,116.12997715755465,117.41920381054008,116.11335114564876,117.31939697265625,294000.0
2018-10-09,115.79728380874262,117.32771461090874,115.68083826274331,116.80370330810547,354100.0
2018-10-10,114.61619464511024,114.7326401961899,112.38707777808247,112.43698120117188,625000.0
2018-10-11,112.40369419281505,112.41200719781038,109.3178686637174,109.74207305908203,638200.0
2018-10-12,111.50541970615852,111.99615363484472,110.69030082730187,111.25588989257812,449700.0
2018-10-15,110.65701416367851,111.60521722270603,110.39085835863152,110.9314956665039,436300.0
2018-10-16,112.67817692820334,113.41844051268077,112.33715334538735,113.14395904541016,385900.0
2018-10-17,112.14584524306834,112.71143415020295,111.80482168291424,112.47023010253906,383600.0
2018-10-18,114.01731884718562,114.74094380594593,113.08575451484018,113.42676544189453,382500.0
2018-10-19,116.73715917661117,117.31106113645573,116.50426811393514,116.77042388916016,993100.0
2018-10-22,117.22790836972219,117.22790836972219,115.51448988769062,115.83887481689453,395800.0
2018-10-23,115.50617733020782,116.77045247394489,114.72432313199694,116.27139282226562,444000.0
2018-10-24,116.7038803952037,116.72883210222373,113.92581368634477,114.0422592163086,485800.0
2018-10-25,114.84907294150068,115.00710889140477,114.00900246606687,114.2169418334961,329400.0
2018-10-26,115.02374447469904,115.32317769637933,113.6263979012662,114.79917907714844,352300.0
2018-10-29,114.31675576351209,114.92393520043815,112.81958968677908,113.78443145751953,364100.0
2018-10-30,113.16891139577449,114.15039174113603,113.01920115365425,114.0422592163086,250200.0
2018-10-31,115.58934811290113,116.10503373425385,114.79085527800733,114.9156265258789,331800.0
2018-11-01,114.66609199776958,115.65588547535363,114.59123686709832,115.51448822021484,248700.0
2018-11-02,113.59312697305374,114.42488446650823,113.11901910981085,113.5515365600586,351500.0
2018-11-05,115.84718032088136,116.45435972512372,115.77232519397721,116.17987823486328,273200.0
2018-11-06,116.04679954294355,116.7371597290039,115.87212489930444,116.7371597290039,228000.0
2018-11-07,118.26760201885524,118.40068626603858,117.67704860423692,118.28424072265625,341000.0
2018-11-08,118.30917335720366,118.4422448913191,116.92845307142211,117.46077728271484,221700.0
2018-11-09,118.8165659227407,119.26570939588234,118.00143442125734,118.38404846191406,355100.0
2018-11-12,117.19461983223249,118.40067829011979,117.07817429669437,118.10955810546875,420700.0
2018-11-13,117.8683697407565,118.77498243769874,117.66874335681882,117.69369506835938,330500.0
2018-11-14,118.17611674110859,118.7084410767689,117.24455232660637,117.91827392578125,256400.0
2018-11-15,119.0577595652248,119.21579550963034,117.26948614419774,119.09934997558594,306500.0
2018-11-16,119.22413006230336,120.3969113117418,119.03282937000215,120.22223663330078,267800.0
2018-11-19,120.09745433473884,120.31370669670298,118.55038501339708,119.06607055664062,205100.0
2018-11-20,119.78970757959999,120.18894758887387,118.84981763056523,119.14093780517578,567300.0
2018-11-21,119.68989403830089,120.48007378268962,119.24906359754281,119.28234100341797,866800.0
2018-11-23,119.44036314189054,119.7730610125034,119.0494361635348,119.34886932373047,218700.0
2018-11-26,120.43016444853271,120.671381234056,119.68158776518348,120.11410522460938,401200.0
2018-11-27,120.67137796321826,120.97912417266944,120.10577627135947,120.77951049804688,741800.0
2018-11-28,120.48007384700938,121.22865048864794,119.6982197994779,121.14546966552734,304400.0
2018-11-29,120.73792121205467,121.3284619271403,120.29709075433311,120.67137908935547,205900.0
2018-11-30,119.99765160618163,120.4467950476462,119.41542392590846,120.06419372558594,353300.0
2018-12-03,119.83962249230848,120.34699507653656,119.57345399951434,120.30540466308594,316100.0
2018-12-04,120.98745204178404,121.44490851541302,119.16590107848569,119.24906921386719,268800.0
2018-12-06,118.26759955965662,119.14094746267028,116.87024037651233,119.13262176513672,405800.0
2018-12-07,118.80825455011768,119.124326504787,117.30277529927949,117.51902770996094,260000.0
2018-12-10,118.59199939006328,118.62526410954538,116.6373639656298,117.68538665771484,316400.0
2018-12-11,118.1844182796232,118.60862272061695,117.54397415260591,118.15115356445312,317800.0
2018-12-12,119.38215311516142,120.4634404048922,119.09935861078002,119.11599731445312,446500.0
2018-12-13,119.75641787890528,120.04753802362387,119.2157806862676,119.73979187011719,261200.0
2018-12-14,118.78328990012004,118.80824161049597,117.56060532524867,117.6021957397461,540000.0
2018-12-17,118.6335709087053,118.6335709087053,116.83697174415745,117.11976623535156,541100.0
2018-12-18,117.27780937343888,117.49406175791297,116.703894658613,117.06986999511719,480400.0
2018-12-19,117.62712356122509,118.65850724987963,116.77041450134003,117.03658294677734,420000.0
2018-12-20,119.46531307991727,119.46531307991727,116.63733045511174,117.37759399414062,1052200.0
2018-12-21,117.77687214351825,118.99123103845827,116.52091014185373,116.52923583984375,922500.0
2018-12-24,117.25286810815302,117.49407222418297,115.09861900282856,115.1651611328125,286900.0
2018-12-26,115.19841680838309,116.93678698354783,114.15040689954006,116.87857055664062,393300.0
2018-12-27,116.04678729336088,117.46908523332793,115.58931821936777,117.41918182373047,735900.0
2018-12-28,117.57721774852897,118.27589086611313,117.17797778013941,117.41918182373047,355000.0
2018-12-31,118.21770355787294,118.61694362455728,117.51901757665925,117.94322204589844,245500.0
2019-01-02,116.80371961740614,116.88690045828277,115.65590270131824,115.97196197509766,360200.0
2019-01-03,114.6827273628006,115.53943656650651,114.6827273628006,114.86571502685547,469300.0
2019-01-04,115.08196785289152,116.19651985346866,114.94888360731485,115.84718322753906,658100.0
2019-01-07,115.48122387169317,115.84719925184564,115.148525903344,115.22338104248047,570000.0
2019-01-08,116.05511366064003,116.70388344332773,115.75568047696792,116.6290283203125,509700.0
2019-01-09,115.45623660740014,116.02183820937061,114.98214151390508,115.09858703613281,630200.0
2019-01-10,115.26495250837638,116.3878174856323,115.10691655733154,116.30464935302734,495000.0
2019-01-11,116.73715710247416,117.44414328317531,116.39613351975375,117.32769775390625,321800.0
2019-01-14,116.8868594941191,117.0947988318218,116.36284830179308,116.47929382324219,299300.0
2019-01-15,116.96171632121181,117.52731792767683,116.46266951838871,117.39423370361328,460500.0
2019-01-16,116.3628536992964,117.0033104427792,116.07174622797554,116.69556427001953,256300.0
2019-01-17,116.7371577430088,118.34244345471268,116.67892863224935,118.22599792480469,429300.0
2019-01-18,118.28422703556413,118.74168345845283,118.11786540002909,118.22599792480469,341400.0
2019-01-22,118.7666385902703,118.99954234841331,118.1677849131967,118.87477111816406,321100.0
2019-01-23,119.29897554304779,119.69822829242077,118.87478377490316,119.38215637207031,230400.0
2019-01-24,118.858154296875,118.94133513235425,118.38405907116133,118.858154296875,206300.0
2019-01-25,119.11602506392272,119.25742234905356,118.27594166948946,118.51715850830078,230100.0
2019-01-28,118.30087577235098,118.82488710340908,117.9598648138594,118.81657409667969,192500.0
2019-01-29,119.88122622357022,119.9144909430588,118.8831069563217,119.340576171875,315700.0
2019-01-30,120.35527708916871,120.86264954274024,119.57342320744118,120.2554702758789,549400.0
2019-01-31,125.94473043310028,127.05096953040113,125.49558692708992,126.96778869628906,884800.0
2019-02-01,125.88649840154159,126.85965312030653,125.77005286318368,125.9863052368164,454600.0
2019-02-04,127.23394629806369,127.35870484691665,126.80975454035134,127.16740417480469,508900.0
2019-02-05,127.72468929931337,127.79123142732386,126.96778687125878,127.23395538330078,594000.0
2019-02-06,126.47705049239778,126.61013474582728,125.62034123481648,125.83659362792969,327900.0
2019-02-07,128.43166717349362,128.56475140761836,127.57495804018362,127.816162109375,570400.0
2019-02-08,128.35683883331643,128.94737962159562,127.99917646592988,128.89747619628906,841600.0
2019-02-11,128.85586659310158,129.14698678619763,127.81616974863272,128.28195190429688,365000.0
2019-02-12,127.81615877563948,128.29026658798892,127.54167730927045,128.0989532470703,294800.0
2019-02-13,129.45474319929627,130.0702483487392,129.18858738576208,129.6793212890625,470000.0
2019-02-14,129.58781757817243,129.820708656625,128.89745734861242,128.9224090576172,323900.0
2019-02-15,130.1700386059665,131.3261809332049,129.72089517527726,130.92694091796875,1772300.0
2019-02-19,131.35115979129364,131.36779849708768,130.63584774151735,130.8271484375,419300.0
2019-02-20,130.51109187818315,131.11827139028546,130.38632061956653,130.702392578125,384500.0
2019-02-21,131.47592244792034,131.58404229947502,130.92695941714845,131.193115234375,401100.0
2019-02-22,130.1617368685571,131.35945701795094,130.12845946096675,131.24301147460938,885300.0
2019-02-25,130.86872744321977,130.9934986883729,129.8955726507667,130.1284637451172,680000.0
2019-02-26,130.6524673972319,131.35945364522053,130.47779274089822,130.59423828125,450000.0
2019-02-27,129.7874441750599,130.1367935191405,129.537927060164,129.68763732910156,442400.0
2019-02-28,129.20008674977362,130.2657791630596,129.20008674977362,129.87977600097656,291100.0
2019-03-01,130.2825588277844,130.93707538352774,130.06439091054762,130.56787109375,222700.0
2019-03-04,131.3566502079131,131.3566502079131,130.40844746006894,130.8951416015625,344000.0
2019-03-05,130.9035320676871,131.9356524853988,130.8280138721548,131.58322143554688,359500.0
2019-03-06,132.24610601775615,132.82509151629318,131.51605855606778,132.5733642578125,943100.0
2019-03-07,134.30194880282883,134.3606808903559,132.99291594902098,133.37890625,430000.0
2019-03-08,132.6992675217318,133.3621708404463,132.45592683117553,133.1523895263672,477400.0
2019-03-11,133.47123664351017,134.58727456538682,133.39571845731615,134.50335693359375,492300.0
2019-03-12,133.44607665052294,134.36072002580715,133.42929056175572,133.7985076904297,226300.0
2019-03-13,135.27537454660046,135.37606546990096,134.82223978368012,134.9648895263672,392400.0
2019-03-14,135.96343827854528,136.22356500965617,135.14109926960666,135.4935302734375,634500.0
2019-03-15,137.33124800831874,137.67529245012207,136.83616716028124,136.99559020996094,620100.0
2019-03-18,137.0207419898732,137.205350549729,136.39979756493435,136.9871826171875,259100.0
2019-03-19,138.07804952664722,138.07804952664722,136.24036335247646,136.60118103027344,286000.0
2019-03-20,137.1885846156144,137.1885846156144,135.9802422696487,136.6851043701172,302700.0
2019-03-21,136.8193698724994,137.70884055829356,136.8025837829463,137.4654998779297,246600.0
2019-03-22,136.73544413067725,137.44870564804268,136.05575479042975,136.60118103027344,385500.0
2019-03-25,136.31588194889463,137.17179321146273,135.9970230895332,136.71865844726562,235900.0
2019-03-26,138.27944921011655,138.90040652655694,137.93541757650132,138.64866638183594,418000.0
2019-03-27,137.04590741153206,137.4486838448178,136.34103264824205,137.21372985839844,368700.0
2019-03-28,137.70882669490146,137.74238606659446,137.01235129496197,137.44869995117188,236800.0
2019-03-29,137.40672259659618,137.55775895488927,136.83612372655776,137.28924560546875,267500.0
2019-04-01,137.65848714174257,137.7843507960335,136.77740314960394,137.08787536621094,293900.0
2019-04-02,137.40671389071207,137.78431756655212,137.04589629940716,137.53257751464844,244300.0
2019-04-03,136.48367297453524,137.14658887947422,136.14802810390384,136.85289001464844,269000.0
2019-04-04,137.06270918275706,137.18858564709504,136.31588825554294,136.62637329101562,247800.0
2019-04-05,136.52565144360335,137.05430435480153,136.08091616416237,136.5088653564453,192300.0
2019-04-08,136.9620027620123,137.03752094965208,136.45013592795422,136.9200439453125,175800.0
2019-04-09,136.43337560767606,136.99558800634173,136.4082028737086,136.7774200439453,207500.0
2019-04-10,137.3396156854478,137.46549214396214,136.6179675236814,136.71865844726562,240900.0
2019-04-11,137.4990509132511,137.5074375555016,136.51727600051467,137.04592895507812,208200.0
2019-04-12,136.6179474309245,137.0207238700581,136.18999826459705,136.94520568847656,196400.0
2019-04-15,136.88648865280203,137.43191487405065,136.80257101690214,137.31443786621094,171300.0
2019-04-16,136.76060319083672,136.96199782131092,136.1564321034469,136.2906951904297,245600.0
2019-04-17,135.4515554925362,136.3913713919783,135.19981543260525,136.0389404296875,241400.0
2019-04-18,136.42492953094714,137.18013682903631,135.98019435255662,136.8361053466797,226000.0
2019-04-22,136.81096294455133,136.9536254918996,136.05575540840923,136.4249725341797,196700.0
2019-04-23,137.9102213371599,138.38851600697768,137.15500103171584,137.44869995117188,442300.0
2019-04-24,137.4570902582402,138.27942932899714,137.4151314394801,137.72561645507812,433200.0
2019-04-25,136.76899387940992,137.86824562513038,136.57598590271758,137.7591552734375,195200.0
2019-04-26,139.31993655652317,139.8905482712664,139.04302374254917,139.69754028320312,246800.0
2019-04-29,139.3619012456265,139.58846861279739,138.90876651128474,139.41224670410156,227400.0
2019-04-30,139.95768408566101,141.58558899452416,139.89895198076127,141.51007080078125,288700.0
2019-05-01,142.25689586876658,142.25689586876658,140.2346010391042,140.26817321777344,306400.0
2019-05-02,140.55346353774988,140.74645873837375,139.29477580457598,139.6136474609375,234900.0
2019-05-03,140.93943958631706,141.8624693970383,140.67091344237767,141.4093475341797,277100.0
2019-05-06,139.8989554512589,140.57864481987477,139.31995701013145,140.4443817138672,156700.0
2019-05-07,140.84713514835866,140.94782605019412,139.57166157430734,140.55343627929688,385800.0
2019-05-08,140.54506071268656,141.53522213616907,140.45275644405413,141.30865478515625,311100.0
2019-05-09,141.81214418207637,142.41631528812147,141.2247591634306,142.03871154785156,389000.0
2019-05-10,142.52544673626258,142.7939601918914,141.6947080249636,142.67648315429688,267200.0
2019-05-13,142.04710102923465,142.37435931788198,141.47650208658123,142.00514221191406,271100.0
2019-05-14,141.99674804191073,142.37435176971024,141.85409831381017,141.89605712890625,262000.0
2019-05-15,142.32400496300775,143.44004285300636,142.13939642156242,142.69322204589844,330300.0
2019-05-16,142.86104943123937,143.97708735975593,142.6177087840444,143.32257080078125,350800.0
2019-05-17,142.8274942829104,143.29740230795943,142.36597289972534,142.49183654785156,278800.0
2019-05-20,142.65124624843475,143.3057627068992,142.03028915531394,142.22329711914062,249400.0
2019-05-21,142.5757405063501,142.5757405063501,141.80374699581662,142.1813507080078,285700.0
2019-05-22,139.38704801428585,141.61912348720298,139.38704801428585,141.44290161132812,326000.0
2019-05-23,141.1072798574373,141.53522904888985,140.90588522403047,140.96463012695312,277800.0
2019-05-24,142.89461771748725,143.07922627682245,142.34080484351546,142.63449096679688,214200.0
2019-05-28,142.8358696706162,143.30577765864078,142.1058349609375,142.1058349609375,253400.0
2019-05-29,141.01497490824332,141.09887973540256,140.0080273541024,140.28492736816406,315500.0
2019-05-30,141.52683661710995,142.14778097098568,141.31705535073954,142.1058349609375,287900.0
2019-05-31,140.4192053076535,141.21637167215795,139.92412452174418,141.02337646484375,229900.0
2019-06-03,142.43310302769697,142.71840249662955,141.72822819311264,142.5086212158203,247700.0
2019-06-04,142.04709933236805,142.14779024950798,140.27654481646962,140.6793212890625,279300.0
2019-06-05,141.85408844524946,142.86103591734064,141.6778665557184,142.5673370361328,389800.0
2019-06-06,143.6162481646589,144.35468231098176,143.4735984416706,143.56590270996094,392100.0
2019-06-07,145.22738487094,145.89867469693442,145.1266811538147,145.53785705566406,337500.0
2019-06-10,145.08470110385193,145.10148718825474,144.5224889146499,144.96722412109375,202000.0
2019-06-11,144.86654377298493,145.17701593487863,144.43019517494895,144.8245849609375,225500.0
2019-06-12,145.92386474529206,146.62034018625883,145.91547810288316,146.12525939941406,201000.0
2019-06-13,146.25109049324564,146.4189257363296,144.94205754299142,145.1686248779297,310900.0
2019-06-14,144.1533101385258,144.8078395636322,144.1533101385258,144.4889678955078,159900.0
2019-06-17,143.28900390719997,143.65822101644108,142.9785317035352,143.21348571777344,197100.0
2019-06-18,145.05118606226293,145.12670425910548,142.6093285987427,142.86106872558594,303600.0
2019-06-19,142.70161026799127,144.48895080085995,142.5589605396638,144.3882598876953,254500.0
2019-06-20,144.5141256072937,145.06795124572878,144.40503524710812,144.97564697265625,187100.0
2019-06-21,143.80088254980444,144.48057191846735,143.32258784016682,144.27919006347656,256200.0
2019-06-24,145.7056923474336,146.62873514553613,145.57982869498042,146.46929931640625,280800.0
2019-06-25,146.38536261276892,146.502839607769,145.151847763252,145.33645629882812,234500.0
2019-06-26,144.80783058904439,145.00082578482662,144.15330120450298,144.32113647460938,279600.0
2019-06-27,143.93512675658744,144.14490803068077,143.3729144785013,144.00225830078125,258500.0
2019-06-28,144.0022532882655,144.59803771972656,143.76729929378203,144.59803771972656,295000.0
2019-07-01,143.55751706665205,143.75051224567977,142.93655991165258,143.431640625,438200.0
2019-07-02,144.2204636034003,145.85676820874215,144.2120769597143,145.70571899414062,325300.0
2019-07-03,146.93077789109313,147.744730083813,146.85524691760162,147.29159545898438,148000.0
2019-07-05,144.33791849289992,145.04279337951488,143.49040666532312,144.85818481445312,232000.0
2019-07-08,145.2105869744456,145.68049493603826,144.92528754119743,145.32806396484375,218200.0
2019-07-09,144.28757670608968,144.97566552140023,144.01066385144284,144.27919006347656,290200.0
2019-07-10,143.9183360773743,145.0763327707105,143.85960398059927,144.71551513671875,222800.0
2019-07-11,145.05115902332517,145.23576756166173,144.30433822879357,144.7742462158203,153400.0
2019-07-12,142.8694305419922,143.30577916576073,142.25687282287745,142.8694305419922,279100.0
2019-07-15,142.9281838213565,143.5239554887792,142.76036135746418,143.36453247070312,325900.0
2019-07-16,143.24704380208823,143.31416253895358,142.42469202911704,142.7855224609375,362400.0
2019-07-17,143.80926387588227,144.00225906394172,143.16313396312137,143.3813018798828,266600.0
2019-07-18,142.44986443095132,143.67499264247635,142.15617834473173,143.44842529296875,398800.0
2019-07-19,143.38131490924306,143.38131490924306,142.26527688725133,143.16314697265625,544400.0
2019-07-22,142.01353194759793,142.76035275032052,141.65270150815263,142.45826721191406,515800.0
2019-07-23,142.17295511793512,142.76873955414905,141.7450059397189,142.08905029296875,516300.0
2019-07-24,140.0667860536659,141.2919145599649,139.64722342608937,140.37725830078125,504200.0
2019-07-25,137.67527283278358,137.7591776673906,135.9634503151657,137.04592895507812,847000.0
2019-07-26,138.12002009940755,138.732577941579,137.75080294389542,138.52279663085938,402200.0
2019-07-29,140.5282895999964,141.05694254067808,139.96607728715995,140.8975067138672,562200.0
2019-07-30,140.95623678317972,141.21636352673687,140.51150148534975,141.0904998779297,528100.0
2019-07-31,140.5366705109923,141.49327262881414,139.1269464653741,140.033203125,312700.0
2019-08-01,141.71986104441947,143.63306556423194,141.65272948884282,141.6779022216797,464700.0
2019-08-02,141.21635118369,141.39257308065078,139.70593631388812,139.98284912109375,407800.0
2019-08-05,139.00946618189198,139.3031522824502,136.2487374516411,137.01234436035156,480900.0
2019-08-06,137.35638713223355,137.8682539459465,136.66829841699894,137.39834594726562,223100.0
2019-08-07,137.50743531189096,139.02624979665995,137.20534974335987,138.38851928710938,320700.0
2019-08-08,137.0377817214356,139.31592970247632,136.8507680249802,139.0524139404297,362000.0
2019-08-09,139.50293914796987,139.7834596841049,138.67838232168302,139.17141723632812,342300.0
2019-08-12,140.56552070254713,140.93954810977,139.8089699818824,140.021484375,228800.0
2019-08-13,139.23091903298172,140.10649023401993,139.0694189955889,139.3414306640625,229200.0
2019-08-14,139.00991869011477,139.62196120154294,138.20236656196224,138.37237548828125,345800.0
2019-08-15,140.897019409633,141.26253787953073,140.08946744308355,140.8035125732422,275700.0
2019-08-16,142.62262937224583,142.7926382578833,141.82357334181847,142.54612731933594,499000.0
2019-08-19,142.5971420679582,142.87766259246249,141.7725852758587,141.84059143066406,377300.0
2019-08-20,142.97119564767857,143.1327086735987,141.55160095430952,141.70460510253906,482600.0
2019-08-21,143.74472704394162,143.82122910519598,142.61414902340704,142.8351593017578,607100.0
2019-08-22,142.12961227089514,143.09018140241295,141.83209992659317,142.93716430664062,395200.0
2019-08-23,143.49819930711786,143.8212252961004,141.11803579907553,141.42405700683594,355800.0
2019-08-26,141.39858086520408,142.26564326617617,140.8885540776351,141.9511260986328,203100.0
2019-08-27,142.92020671661925,143.79576511892571,142.54617924944924,143.4557342529297,291600.0
2019-08-28,143.03918737282734,143.78722919561721,142.38463942839346,143.6852264404297,272300.0
2019-08-29,144.50977919945765,145.05381549643346,144.21225387747234,144.95181274414062,211000.0
2019-08-30,146.2014164977046,146.2439090025375,144.7563081495847,145.59786987304688,194700.0
2019-09-03,147.57846943490267,149.11707129216373,147.39145576454365,148.52203369140625,376800.0
2019-09-04,149.09157833927142,149.79712759206268,148.9045646592136,149.59310913085938,584300.0
2019-09-05,147.43395334139208,147.6549635896064,142.44412069586963,142.9541473388672,878400.0
2019-09-06,143.73624156891313,145.5298636873618,143.60873811273078,144.45028686523438,670400.0
2019-09-09,142.04461344840823,142.22311825974595,141.0585436353348,142.0701141357422,271800.0
2019-09-10,139.3924358513282,140.30200367171915,138.89090500107386,139.8259735107422,369700.0
2019-09-11,139.91945757275133,141.43255875406444,139.8599473268972,140.93101501464844,327500.0
2019-09-12,140.87151644046057,142.14660256829177,140.73550414048864,141.5940704345703,245500.0
2019-09-13,138.1683313699728,139.54543325071847,137.964325884564,138.7633819580078,426700.0
2019-09-16,138.05788245806295,138.27039689582088,136.7827958315154,137.20782470703125,329300.0
2019-09-17,138.0323390713284,139.40093214603286,137.89632676022597,139.3244171142578,349600.0
2019-09-18,138.3298475994163,138.99289138421747,137.64979903348373,138.73788452148438,428700.0
2019-09-19,138.3808499506754,139.35842382450733,138.3808499506754,138.64437866210938,352300.0
2019-09-20,138.2533921089617,138.52541681530076,137.02081096413613,137.20782470703125,509200.0
2019-09-23,137.7518167679628,137.99832772916622,137.36929349741033,137.6923065185547,319800.0
2019-09-24,137.6668029017402,138.4148576163904,137.6328063105504,137.93882751464844,277200.0
2019-09-25,136.76574805299163,137.0632733606678,136.0262021927394,136.6722412109375,457000.0
2019-09-26,137.7093258326059,138.49987314378552,137.6243148875795,138.07484436035156,320400.0
2019-09-27,138.79739651529434,138.92489996017957,137.64131772188892,138.19386291503906,334500.0
2019-09-30,139.4094430738098,140.35300750613115,138.93341290450343,139.0014190673828,309800.0
2019-10-01,137.98984396794347,139.06942069078423,137.39480627573357,138.89939880371094,325100.0
2019-10-02,135.60114912460367,136.0346736940744,134.147545380868,134.5470733642578,478800.0
2019-10-03,136.93574780445346,138.4403530821029,136.50222318618196,138.15133666992188,462000.0
2019-10-04,136.86774675575097,138.83139038085938,136.86774675575097,138.83139038085938,333200.0
2019-10-07,139.0524174720562,140.26799355904072,138.84839898778264,139.2819366455078,558800.0
2019-10-08,138.62740514823093,139.0949394567465,137.93035163901678,138.29588317871094,543300.0
2019-10-09,139.36692121496,140.25948416289341,139.20540821846708,140.0554656982422,396500.0
2019-10-10,138.50839110433216,139.85997961128706,138.43188903130073,139.4944610595703,276400.0
2019-10-11,138.03234074777833,139.468939995482,137.74331134046332,138.81439208984375,634300.0
2019-10-14,137.8283035799563,139.05238828698197,137.8283035799563,138.5508575439453,450600.0
2019-10-15,137.42880629421254,138.4828823544208,137.22478780715147,137.91334533691406,660700.0
2019-10-16,137.89633459903735,138.71238257034491,137.64131474393548,138.54237365722656,260300.0
2019-10-17,137.37777160696896,138.5423460491498,137.28426477776017,138.26182556152344,398800.0
2019-10-18,137.41178245950977,137.92182212102355,136.88475098790028,137.39479064941406,334500.0
2019-10-21,137.28427384779872,137.65830118934494,136.67223146542253,136.7487335205078,270100.0
2019-10-22,137.173795107748,137.913354063359,136.61276693181722,136.8167724609375,256600.0
2019-10-23,136.50225753953362,137.32681448891879,136.47675684797326,136.88478088378906,270000.0
2019-10-24,137.28428128697956,137.90481960770876,137.003760765619,137.49679565429688,248600.0
2019-10-25,136.73175540403122,136.91026021710658,136.18771911753072,136.2982177734375,332800.0
2019-10-28,136.06871070786013,136.1877182394258,135.35465254761814,135.49916076660156,333000.0
2019-10-29,135.65218916324136,136.30673712680735,135.1591542140091,135.87319946289062,211200.0
2019-10-30,138.0833518025157,139.25643538327546,137.4372997570659,138.80589294433594,348500.0
2019-10-31,139.18839052850703,139.66442055333692,138.6018489011826,139.29888916015625,438500.0
2019-11-01,139.68996535853535,139.68996535853535,138.50838582695354,138.55938720703125,215800.0
2019-11-04,138.32137226074695,138.41487911460146,136.28123923045726,136.48524475097656,289500.0
2019-11-05,136.88478113638806,136.88478113638806,135.51618781310623,135.99221801757812,499700.0
2019-11-06,137.10573162242898,137.19074253792263,136.34068526636457,136.44268798828125,251800.0
2019-11-07,136.7232605956929,136.7232605956929,135.39717282157864,136.0687255859375,235700.0
2019-11-08,135.0741229695681,135.43965441615757,134.42808398016805,135.19313049316406,418400.0
2019-11-11,135.49065542864201,136.28121559610102,135.32064653407633,135.83067321777344,214300.0
2019-11-12,135.04011664208159,135.1166186936957,133.7225251017268,134.30906677246094,396300.0
2019-11-13,135.85622115379684,136.51075621157085,135.2951799864044,136.31524658203125,271700.0
2019-11-14,137.35231618454347,137.42032235281826,136.32374072430625,136.79127502441406,207800.0
2019-11-15,135.6776868984617,136.29822528189328,135.46517250967088,136.11972045898438,282500.0
2019-11-18,136.6552569332287,137.12279121364838,136.26423769567756,136.45974731445312,202800.0
2019-11-19,137.0972718283984,137.37779235839844,136.92726292347814,137.37779235839844,222300.0
2019-11-20,137.26729218850508,137.43730110761288,136.70626405253427,136.85926818847656,246000.0
2019-11-21,136.468213365875,136.58722088659653,135.59265525538504,136.0771942138672,221900.0
2019-11-22,136.4937521028546,136.4937521028546,135.7966986599383,136.0347137451172,172300.0
2019-11-25,138.5423808838381,138.55938566729154,137.72633286996404,138.14285278320312,439600.0
2019-11-26,139.34993081495003,139.8259739482656,138.83140815078764,139.22242736816406,434700.0
2019-11-27,139.5369262876389,139.80045499464967,139.0268995962784,139.46893310546875,338500.0
2019-11-29,139.24791249990727,139.5964391766483,138.7803782958459,138.9333953857422,169200.0
2019-12-02,138.49986042434813,138.62737683017704,137.1907775987676,138.36386108398438,322400.0
2019-12-03,138.04933267092454,138.31286139116827,137.42879432839462,137.88783264160156,293400.0
2019-12-04,137.19075274861925,137.81129097120495,136.96123363637966,137.51377868652344,318800.0
2019-12-05,137.173770339856,137.28428196207565,136.73174979267262,137.1482696533203,310900.0
2019-12-06,138.14285027106038,138.44037560726292,137.41180024604904,137.7518310546875,269400.0
2019-12-09,137.91335907661227,138.18537078227712,137.4628295556279,137.53082275390625,197900.0
2019-12-10,137.6583138750376,137.75182071904112,137.24178102977672,137.28428649902344,207000.0
2019-12-11,137.11427816200396,138.24485620024922,137.10576928561045,137.86231994628906,194500.0
2019-12-12,137.20773332013547,137.6752673659733,136.0771557077797,136.60418701171875,322000.0
2019-12-13,138.32135985141738,138.9418982054085,137.82832493631201,138.24485778808594,494300.0
2019-12-16,141.90857806458146,142.13809718412108,140.75249953361526,141.03302001953125,607200.0
2019-12-17,139.95347071381872,140.90553099330128,139.62194879715256,140.19998168945312,449800.0
2019-12-18,141.00752192050152,141.01601782477127,139.57941878156143,140.46348571777344,332000.0
2019-12-19,140.05548396917257,140.28500315049115,139.53694832003032,139.70697021484375,248500.0
2019-12-20,141.1180270558586,141.8150803634553,140.71849903240133,141.373046875,534200.0
2019-12-23,142.06165384958646,142.1041593332975,141.36461320596513,141.56861877441406,271900.0
2019-12-24,141.92560502107375,141.92560502107375,140.93953521422665,141.3050537109375,108000.0
2019-12-26,141.31358288603417,141.9851226961308,141.31358288603417,141.9511260986328,131200.0
2019-12-27,143.83826532038782,143.8722619203143,143.29422892560885,143.66824340820312,242900.0
2019-12-30,143.8382243907547,143.87222098100733,142.63964029350785,143.1666717529297,203200.0
2019-12-31,142.8436457767178,143.4301874826406,142.1636102048885,143.1666717529297,240500.0
2020-01-02,142.5376328060395,143.0816820482521,141.67907941601248,141.74708557128906,369900.0
2020-01-03,140.9735450629011,142.02762112494256,140.95655325042006,141.4580841064453,376300.0
2020-01-06,142.36765202609573,142.69067808475697,142.08713144423473,142.57167053222656,342800.0
2020-01-07,142.2401276957033,142.2401276957033,141.17755578586048,141.34756469726562,366100.0
2020-01-08,142.9626707958682,143.65122829851467,142.65666253360138,143.2346954345703,366100.0
2020-01-09,144.2207654343519,144.87530040152637,143.87223872974292,144.3822784423828,318400.0
2020-01-10,144.3652587587557,144.6372703987983,143.58320745871805,143.77871704101562,309100.0
2020-01-13,142.22313628053467,143.22621100254423,142.11262464085277,142.7501678466797,456900.0
2020-01-14,142.92017249554783,143.09018140241295,142.46964305547354,142.93716430664062,311500.0
2020-01-15,143.9062497806812,145.13033483730678,143.76174154078095,144.7648162841797,336100.0
2020-01-16,144.60326726847168,144.6882781982422,143.90621396272445,144.6882781982422,299000.0
2020-01-17,145.18982356038975,145.6063434339501,144.8412968724673,145.1048126220703,291600.0
2020-01-21,144.04226707957184,144.73932058284456,143.99126569559587,144.33128356933594,390500.0
2020-01-22,144.22074598975917,144.33975351055008,143.6427001953125,143.6427001953125,251200.0
2020-01-23,144.07625535951757,144.10175604773735,143.2771992063683,143.71072387695312,263700.0
2020-01-24,144.7647923549532,144.96879785010253,143.4387047530908,143.82122802734375,299200.0
2020-01-27,141.88309204405363,142.47812966468098,141.2200482709478,141.44955444335938,249500.0
2020-01-28,138.20235907550793,139.1629282649081,138.16834950957664,138.51687622070312,426900.0
2020-01-29,137.15677043040589,137.81981418287643,136.51071848739065,136.71473693847656,352800.0
2020-01-30,134.70858860934496,134.99760499387696,133.33999576394837,134.64907836914062,719500.0
2020-01-31,135.06562711975567,135.35464353848573,133.93504915970863,134.26657104492188,531200.0
2020-02-03,137.26727628736114,137.36078312766588,136.28121948242188,136.28121948242188,434500.0
2020-02-04,138.71237578291857,139.16291818836697,138.27035522460938,138.27035522460938,540400.0
2020-02-05,138.94188674914378,139.34141478584095,138.21083682783055,138.79737854003906,480400.0
2020-02-06,140.51454511252564,141.06707744769943,140.27652998621835,140.7440643310547,412700.0
2020-02-07,140.00446839271936,140.106484113433,138.48287116688385,138.72088623046875,351200.0
2020-02-10,138.00684016187876,138.26184703492044,137.6073120996494,137.9218292236328,248000.0
2020-02-11,137.93034212938537,138.23636338560135,137.00378245420495,137.44581604003906,325600.0
2020-02-12,137.3523179626595,137.36932274766093,136.2812499828789,136.31524658203125,414000.0
2020-02-13,135.7287156868131,136.87629880637735,135.44819508045626,136.4002685546875,347000.0
2020-02-14,136.20470925942988,136.83375647739388,135.6011756995836,136.74024963378906,272100.0
2020-02-18,137.71778414554035,138.08331554435492,137.47127322561306,137.51377868652344,311600.0
2020-02-19,138.72091276779062,138.7294086749553,137.8113448379958,137.94735717773438,222300.0
2020-02-20,136.75727117599524,137.49681713914754,136.5022513011963,137.22479248046875,320200.0
2020-02-21,137.2587900381037,137.42879894947737,136.45123798094244,137.19927978515625,241100.0
2020-02-24,131.81842070128667,132.94898574436056,131.81842070128667,132.10743713378906,622900.0
2020-02-25,131.62290102840763,132.18394209499766,129.47225657732727,129.71878051757812,444900.0
2020-02-26,127.45765336566576,129.10676737579746,127.21963824779635,127.22813415527344,596900.0
2020-02-27,126.10890555613686,126.40931315739306,123.51687174214148,123.6284408569336,850100.0
2020-02-28,120.68448741039838,122.61564519074624,119.2253930401026,121.8002700805664,1178500.0
2020-03-02,122.40964723630977,125.00169372558595,122.126409197397,125.00169372558594,723700.0
2020-03-03,124.48672735429585,125.73984005519118,122.89030292256778,123.52544403076172,914800.0
2020-03-04,124.45240804227734,126.85562957549793,123.80011048038331,126.84703826904297,573500.0
2020-03-05,123.41383579173464,124.73561317927964,122.83020335313057,123.6026611328125,582400.0
2020-03-06,121.1994847066771,124.02326115317001,120.77033847431319,123.6284408569336,645800.0
2020-03-09,116.52178170934395,119.5515530988439,115.54332881155224,115.56907653808594,1554100.0
2020-03-10,118.24692199797362,119.5858557564662,115.06265212135358,119.1137924194336,881200.0
2020-03-11,116.42735349940811,116.89083870826332,111.07161754998495,112.74528503417969,1157700.0
2020-03-12,104.22242603075983,110.28197364364514,101.27848341202274,107.75000762939453,1923500.0
2020-03-13,107.96461188917559,109.89576342171397,103.69031245579544,109.6211166381836,1854800.0
2020-03-16,96.91836927505635,101.759137539498,96.1287418953533,98.11997985839844,1186100.0
2020-03-17,94.88421183840155,97.51058405513199,92.21492238942706,97.33892822265625,1602400.0
2020-03-18,89.90612445900707,91.34805588171164,87.05659409369221,89.29673767089844,1868400.0
2020-03-19,88.79033649764007,98.64353505854628,87.82046854856137,95.76825714111328,1364900.0
2020-03-20,97.2616809290912,99.57048925823983,93.78559457502544,94.03450012207031,1088300.0
2020-03-23,92.31792192087424,93.24487921891057,86.27554306633316,88.05220794677734,1502300.0
2020-03-24,94.00875999769431,98.28305877964749,93.7770239445482,98.18006134033203,1198700.0
2020-03-25,96.8153859651196,103.57872776346767,96.48923066013046,101.57032012939453,1007300.0
2020-03-26,104.29968290263855,112.28181088017982,104.18810725513806,111.89556884765625,1339600.0
2020-03-27,104.49709060675323,109.9215043890467,104.29968049070109,107.89592742919922,747200.0
2020-03-30,108.93446374352264,111.12311186040822,107.83585058069023,110.54805755615234,715400.0
2020-03-31,108.08476245343158,111.24327875494494,107.77577666482962,109.10613250732422,628200.0
2020-04-01,104.92624937062676,106.1450230473596,103.99929197638563,104.2911148071289,675100.0
2020-04-02,104.5228365824342,106.385329325663,104.15377062678627,106.16217803955078,565400.0
2020-04-03,103.52722724435006,104.72025310577352,103.0980810625934,104.05936431884766,628200.0
2020-04-06,106.21367391940956,109.38935286376031,106.02484856249939,108.49673461914062,548400.0
2020-04-07,110.52230026074022,111.08018500261608,108.47956044903948,108.54822540283203,594900.0
2020-04-08,108.23925476042703,110.03308272783991,107.06339181861364,109.56961059570312,724900.0
2020-04-09,112.76243874518693,115.6377098928959,111.75823839540496,114.62493133544922,744300.0
2020-04-13,114.16146381642953,114.2816242247878,111.59517800295605,112.11014556884766,433800.0
2020-04-14,112.42770616930267,115.1055737895397,112.26462854690355,114.84808349609375,606600.0
2020-04-15,113.14012291158251,115.27726284112998,112.78821984567567,113.88683319091797,1121400.0
2020-04-16,114.90817651885415,115.19999275567231,113.01134478653394,114.33312225341797,389700.0
2020-04-17,119.22538901729739,119.36271893131557,116.78784197773115,117.8692855834961,611100.0
2020-04-20,115.38881059747091,117.45729803466469,115.01973812486985,115.0540771484375,617200.0
2020-04-21,111.25185329881536,112.35905779503615,109.76701115919217,110.89996337890625,938000.0
2020-04-22,112.70236706787979,113.9297319460187,112.35905536439448,113.60357666015625,528500.0
2020-04-23,113.83531025921467,115.23431778193891,113.02851341368604,113.27741241455078,367200.0
2020-04-24,113.663647857726,114.47044474962783,112.89118999333158,114.20437622070312,345700.0
2020-04-27,116.33294158705546,117.3714811129288,115.74930906418606,117.1139907836914,466500.0
2020-04-28,119.16531472149103,119.28547513468833,117.87787611016161,118.17828369140625,528000.0
2020-04-29,118.47866098455845,119.46570496792313,118.10102338109378,118.22118377685547,403900.0
2020-04-30,119.86912679889612,119.86912679889612,118.32419776845177,119.00224304199219,659400.0
2020-05-01,119.00224218076843,119.37989295175547,117.20841411508334,117.69764709472656,564500.0
2020-05-04,116.82217566433756,117.92936706542969,116.30719500082822,117.92936706542969,442200.0
2020-05-05,116.72775888260107,117.53455578208286,115.43174215680696,115.6806411743164,443100.0
2020-05-06,116.93375232825393,117.92936148260257,116.49601485604298,117.39722442626953,546400.0
2020-05-07,117.82637531252789,118.44434686563397,117.49164181263727,117.70621490478516,652300.0
2020-05-08,119.56869715998226,119.66310983600724,118.44433635236734,119.39704132080078,314500.0
2020-05-11,119.55153940070304,121.04497285105954,119.19105817403127,120.26392364501953,431400.0
2020-05-12,122.67573439572985,122.72724294413014,120.289682416821,120.4184341430664,438200.0
2020-05-13,120.09226152629536,120.10083973487508,117.31998096085343,118.18685150146484,684600.0
2020-05-14,113.24310028812423,115.64632160485928,113.17443532518864,115.52616119384766,882200.0
2020-05-15,114.89102977353846,116.32437661707056,114.8824515636384,115.54332733154297,472500.0
2020-05-18,118.34992574547837,120.47848700084513,118.24693485946908,120.24675750732422,389200.0
2020-05-19,119.47429656982422,120.77032644422637,119.12239355117843,119.47429656982422,602100.0
2020-05-20,120.16092702731306,120.69306408469633,119.31980420514235,120.03218841552734,486000.0
2020-05-21,120.33256788046334,120.79605301814014,119.01080361032969,119.60302734375,316800.0
2020-05-22,118.24694365476475,119.33696553677645,117.88646243041809,119.01940155029297,384400.0
2020-05-26,120.93337958896163,122.10924894322513,120.37549483368049,121.30245208740234,333700.0
2020-05-27,122.68431755198311,123.6799398775251,121.96335508031588,123.67134857177734,346700.0
2020-05-28,125.1819580415592,126.36639270719563,124.05758394024356,124.23783111572266,564500.0
2020-05-29,121.33676851122132,121.53418515384057,118.6760704528979,120.6844711303711,1527400.0
2020-06-01,121.71443803157116,123.25078869702305,121.62861665308078,122.77013397216797,418400.0
2020-06-02,122.64997604971083,123.0533745166438,121.6715232588846,122.1693344116211,333400.0
2020-06-03,124.37515036149635,126.05739607105416,124.13482954584524,125.20769500732422,456600.0
2020-06-04,125.51667076607426,126.20329412941672,124.60686992629326,125.14759826660156,493800.0
2020-06-05,125.98013216437883,127.94562870032448,125.8428022647538,126.60668182373047,460400.0
2020-06-08,126.28055603679964,127.2075133345648,125.91148352082286,126.8727798461914,395800.0
2020-06-09,123.79152276548518,125.55960320801141,123.74860552147643,124.89872741699219,383100.0
2020-06-10,126.50372782814382,126.84703958079541,125.56819217013992,125.73126983642578,343400.0
2020-06-11,122.60707128245174,122.64139721506776,118.26410085414523,118.52159118652344,441400.0
2020-06-12,121.29389227836516,122.1092674661155,119.13956990113168,121.05355834960938,489800.0
2020-06-15,118.33276519974775,120.77032549086698,117.96370576591238,120.27251434326172,371500.0
2020-06-16,125.18195436032333,125.22485850400602,122.30666952242308,123.30229187011719,380500.0
2020-06-17,123.57692314620999,123.61126217265613,122.10925062991996,122.4096450805664,365800.0
2020-06-18,119.6459475573393,121.1050550198571,119.6459475573393,120.84756469726562,434600.0
2020-06-19,124.2807297473784,124.88153174817243,122.06633400459353,122.21224212646484,440700.0
2020-06-22,120.48709298088009,120.82182649768174,120.10085091829882,120.80465698242188,382000.0
2020-06-23,120.69305588487283,121.6715085574739,120.57289548986923,120.5900650024414,347400.0
2020-06-24,117.97227875822433,118.13535639722029,115.98104735235678,116.3758544921875,456100.0
2020-06-25,115.95529963004181,116.38444579729362,115.19999818479806,116.3758544921875,462000.0
2020-06-26,116.80500665397392,116.84792389220199,114.3073726892272,114.5477066040039,350400.0
2020-06-29,114.66784826055282,115.51754919459907,114.19578491024923,115.0540771484375,386600.0
2020-06-30,114.00696005799989,115.6463013831148,114.00696005799989,115.34589385986328,383200.0
2020-07-01,115.51755505981167,117.24273092792318,115.4059859688026,116.66766357421875,387100.0
2020-07-02,118.44434217546073,118.87348834276312,117.740536174764,117.75770568847656,323300.0
2020-07-06,117.85211397530286,119.26830413250244,117.85211397530286,119.06230926513672,265800.0
2020-07-07,117.30280870293709,118.98506739682414,117.27706098129863,118.0066146850586,316500.0
2020-07-08,120.37553051293166,120.42702597065147,119.0451744369815,119.80047607421875,477000.0
2020-07-09,118.95072918926103,119.21679771235786,117.07106691770417,117.8692855834961,338000.0
2020-07-10,119.49147154006963,121.5599594116211,119.2854766449079,121.5599594116211,364500.0
2020-07-13,121.43118484000232,121.8946699927717,118.89922530143052,119.21678924560547,348200.0
2020-07-14,118.51300596046168,120.80464489958771,118.36709783660365,120.72740173339844,351100.0
2020-07-15,123.37095064887062,124.61547197283221,122.70148364435327,122.9675521850586,367300.0
2020-07-16,122.16932672590883,122.63281191669623,121.55135520252671,121.80884552001953,241500.0
2020-07-17,121.87750212016859,122.63280350728647,121.10504431716215,122.30664825439453,203400.0
2020-07-20,122.52123976823492,122.6585696950237,121.55995647371876,121.86894226074219,273500.0
2020-07-21,123.49110637622061,124.126234327634,122.78730036935501,123.01904296875,320100.0
2020-07-22,121.91184407792947,122.44399425995945,121.6371973260935,122.1693344116211,205600.0
2020-07-23,125.31069495060142,125.61110254011166,124.06617354470772,124.3408203125,401900.0
2020-07-24,123.0619471135499,123.71424450943348,122.30664574194758,123.20785522460938,259700.0
2020-07-27,123.80865920502666,124.65837326197122,123.23360495915531,124.54679107666016,323200.0
2020-07-28,125.41367325121841,126.9586020914042,125.23343919282281,125.71408081054688,297700.0
2020-07-29,128.7438497845253,129.00134010339468,127.525076244812,128.16021728515625,468900.0
2020-07-30,128.280361043021,129.0871447292602,126.88991874014084,128.68374633789062,435700.0
2020-07-31,128.34905464271267,128.45205864829956,124.88155870638553,126.37499237060547,425200.0
2020-08-03,129.2330695521464,129.29314319908656,126.94141773420789,127.02725219726562,622900.0
2020-08-04,121.71446000523268,122.85599062690768,120.62442483924904,121.1050796508789,824600.0
2020-08-05,120.49567052609841,120.63300045441467,117.29424351417948,117.45732116699219,795100.0
2020-08-06,116.71917677407403,117.23414430580183,116.03254030193555,116.61617279052734,529900.0
2020-08-07,114.93394723911116,116.15272096897385,114.65928736373179,116.13555145263672,427800.0
2020-08-10,114.9253519467991,116.5646936427912,114.91677373717988,115.98963928222656,515800.0
2020-08-11,116.99383286313663,117.21699726492044,115.55190794316033,116.51319122314453,706100.0
2020-08-12,118.504439086774,120.47850114843638,118.42718281669367,119.62020874023438,391600.0
2020-08-13,120.96152132361763,121.96445470515097,120.55162900976688,121.63304901123047,469000.0
2020-08-14,119.8277674434714,120.23765972494408,118.48472548166275,118.85972595214844,358000.0
2020-08-17,120.45567466088423,121.27545914007132,119.97602542109753,120.22021484375,377200.0
2020-08-18,122.22607270414986,122.47899176972346,121.10977423341915,121.7376937866211,398600.0
2020-08-19,122.03420151857038,122.43537749911968,120.7609298772489,121.00511932373047,293200.0
2020-08-20,119.39170225920893,119.97602692860389,119.16495873741843,119.76671600341797,332900.0
2020-08-21,117.71725671286619,118.77251434710195,117.52539168845969,118.44110870361328,456900.0
2020-08-24,120.2725459252693,120.70860039097704,119.557410213992,120.52545166015625,649800.0
2020-08-25,120.39463597848922,120.47312258551723,119.32194576046263,119.67078399658203,376900.0
2020-08-26,118.39750772425666,118.99054873739394,117.59516907722231,118.37134552001953,481000.0
2020-08-27,118.98182734372615,119.19113829939742,117.48181207039528,118.1097183227539,702000.0
2020-08-28,118.39749347760439,118.57192589463156,117.31608701305628,118.51087188720703,528900.0
2020-08-31,117.7347117485188,118.39750977957648,117.21144104003906,117.21144104003906,435700.0
2020-09-01,115.50209166677492,115.53697016357206,113.71426596429461,113.99334716796875,809400.0
2020-09-02,115.4236110166467,119.20856021208955,115.2666245046589,119.0777359008789,746900.0
2020-09-03,119.8975225810948,120.44695542231274,116.08641111378984,116.6009521484375,579800.0
2020-09-04,116.81028137760997,117.34226839893955,114.51663045341942,116.07771301269531,698800.0
2020-09-08,118.32774510034227,118.9643942643579,117.10679779884077,117.42947387695312,574000.0
2020-09-09,119.94987279438054,121.2406037687163,119.76673734611767,120.33360290527344,435500.0
2020-09-10,119.60100415065912,119.83647726029174,116.98467766641778,117.1329345703125,465600.0
2020-09-11,118.10100256454695,118.11844847109808,116.7405146147663,117.40331268310547,499400.0
2020-09-14,118.85099987836266,118.92077018727166,117.69982304967857,118.02249908447266,570700.0
2020-09-15,119.62718557726984,120.03707785693108,119.077752668931,119.1213607788086,313500.0
2020-09-16,119.13881532985256,120.01092436138437,118.61554458800238,118.65043640136719,450800.0
2020-09-17,117.7608652591096,118.8161228972825,117.66493274654842,118.2318115234375,410100.0
2020-09-18,115.55444381223198,117.10679678527427,115.29280844779541,115.95561981201172,403700.0
2020-09-21,112.24041591185646,112.31890252129631,110.86248886805103,111.91773986816406,610000.0
2020-09-22,111.71716060944432,112.5282155366541,111.220052125805,112.14448547363281,442300.0
2020-09-23,113.17358243917046,113.54858290105375,111.32470906541435,111.57762145996094,546600.0
2020-09-24,112.55437672047074,113.67940469571026,111.33342953767135,112.33634948730469,547600.0
2020-09-25,111.69970512289609,112.99042251816377,111.02817757021297,112.85961151123047,280300.0
2020-09-28,120.74347269212446,120.86556740395929,119.41786345839937,119.95858001708984,892500.0
2020-09-29,118.4760035290979,119.74055881683356,117.90040844122058,118.69403076171875,539800.0
2020-09-30,119.93242493423797,120.48184451644539,119.2957758279341,120.05451965332031,539100.0
2020-10-01,121.22315015607103,121.28420417316308,120.1504598195905,121.10977172851562,648600.0
2020-10-02,119.92370748763551,121.5894389226239,119.84522086898019,120.90919494628906,522700.0
2020-10-05,122.09526161821701,122.74062707740832,121.67665301872051,122.67957305908203,402300.0
2020-10-06,121.47604922830921,121.9644414162041,120.04579108921887,120.63883209228516,459200.0
2020-10-07,122.13885604700972,122.62723490959698,121.79000449707172,122.55746459960938,427500.0
2020-10-08,122.24351093984194,123.24644422506711,122.0690918098587,122.84526824951172,332500.0
2020-10-09,123.2115463395992,123.69992520240285,122.88014069384272,123.16793823242188,264300.0
2020-10-12,122.49641026732623,123.71735728796006,122.21732905842451,123.04582977294922,258700.0
2020-10-13,122.43535976368571,123.07199549212628,122.29581915524467,122.87141418457031,328700.0
2020-10-14,122.68826838644699,123.28130933274382,121.46732130190232,121.8510513305664,318700.0
2020-10-15,119.20859073075742,120.05453759198964,118.9469553486796,119.24346923828125,881100.0
2020-10-16,119.95858059403146,121.31035203627069,119.88881028588662,120.80452728271484,408700.0
2020-10-19,120.47312616347797,120.84813992040338,118.63297580254675,118.83355712890625,302900.0
2020-10-20,120.0283421403347,120.62136975528747,119.39169311523438,119.39169311523438,748900.0
2020-10-21,118.05739692036359,119.28707386504185,117.91786958701996,118.19693756103516,568800.0
2020-10-22,118.81612306965391,119.91497550913665,118.36262270894991,119.73182678222656,339900.0
2020-10-23,121.70280867055031,121.70280867055031,119.77544200357394,120.76964569091797,234500.0
2020-10-26,119.57485806739135,119.71439869245022,118.34518126029707,119.08647918701172,274800.0
2020-10-27,118.13586243065451,119.85390450250077,118.02248402972403,119.13006591796875,624800.0
2020-10-28,115.75501858795181,116.24339747660402,114.35965223570648,114.49046325683594,838000.0
2020-10-29,113.69683629310491,114.54278301493505,112.75495705723242,113.80149841308594,369100.0
2020-10-30,113.94975743206363,114.11546026003639,112.64159402048045,113.53113555908203,513800.0
2020-11-02,114.04568128489684,114.55150602916542,112.9380992878376,114.05439758300781,467000.0
2020-11-03,116.27829944461219,117.63878741251064,116.04282627868274,116.67074584960938,295600.0
2020-11-04,120.0370603891253,121.10975053791701,119.12134344425806,119.22600555419922,534500.0
2020-11-05,122.252226214194,122.40049644613006,120.95279239548171,122.09525299072266,707600.0
2020-11-06,122.43537643063941,122.64468737179416,120.72603701285888,120.75221252441406,990600.0
2020-11-09,136.85131539782427,139.10135776609204,130.7988780153816,130.97329711914062,1729000.0
2020-11-10,135.85713853441763,137.6711268456757,135.43852994176646,136.82518005371094,1530800.0
2020-11-11,135.97922665783236,137.6013498463194,135.79609122939723,136.18853759765625,644600.0
2020-11-12,135.52572570673752,135.76991514851116,131.5576406242526,131.90647888183594,945500.0
2020-11-13,133.45882882268836,135.35130360857983,132.53439548377906,135.25537109375,533400.0
2020-11-16,141.33396131059087,141.5955966329959,138.7699591042073,139.9473114013672,591500.0
2020-11-17,137.49672289811105,139.10140043666223,136.9734521189915,138.046142578125,415500.0
2020-11-18,137.6275161765439,138.22055720349474,136.3542445162565,136.3629608154297,226200.0
2020-11-19,137.16531106923603,138.43859614442084,136.68564842764832,138.2554473876953,329100.0
2020-11-20,137.83680967233354,137.95890438193564,136.62457887438228,136.74667358398438,240900.0
2020-11-23,136.36296594129266,136.7990204482286,135.17689715013387,135.73504638671875,282600.0
2020-11-24,134.87161992001003,136.45886431555763,134.60999792718277,136.4065399169922,458900.0
2020-11-25,136.92110898468374,138.447299689927,136.6856358355375,137.4967041015625,444300.0
2020-11-27,137.1129597992401,137.91529837559523,136.47632404000757,136.6420135498047,195700.0
2020-11-30,135.8135294709981,136.3106379834899,134.34839275332638,135.13328552246094,452700.0
2020-12-01,137.6885691405221,137.93275858877487,136.77285205591076,137.4967041015625,413100.0
2020-12-02,136.11878560808094,136.72054299716973,135.63040665674174,135.94436645507812,358500.0
2020-12-03,135.76990962264185,137.40076234415045,135.61293640531613,136.06643676757812,535600.0
2020-12-04,138.7525315109463,139.08392384443775,137.68855758684185,138.9879913330078,340400.0
2020-12-07,138.96183159489678,139.3542779459513,138.3862365161096,138.5606689453125,311300.0
2020-12-08,137.47052613045474,137.74959405045445,136.72922826428223,137.26121520996094,307900.0
2020-12-09,137.95892838183997,139.0229024537481,137.20891409028715,138.88336181640625,287600.0
2020-12-10,141.39502606270335,141.9095671412239,138.6653208344728,138.9269561767578,422600.0
2020-12-11,139.05776775588285,139.54614663288007,138.16821291145146,139.11009216308594,349300.0
2020-12-14,139.75545649345167,140.44441669520052,138.8746312618839,139.02288818359375,286100.0
2020-12-15,137.82809596375634,138.49090729860816,137.2437845498869,138.20310974121094,255800.0
2020-12-16,137.61878827849074,139.06649225884124,137.61878827849074,138.79612731933594,241300.0
2020-12-17,139.45020697616678,140.2263833603603,139.35427446543162,139.51126098632812,379200.0
2020-12-18,139.3107040533034,139.58105572888505,138.3688246850225,139.38919067382812,301900.0
2020-12-21,135.2030617613416,138.19440265195075,134.73212874069657,137.74961853027344,401400.0
2020-12-22,137.81938222794787,138.57811278871668,137.10425977801881,137.72344970703125,361400.0
2020-12-23,138.61300965123783,139.0926722732994,137.80194134351055,138.3688201904297,297500.0
2020-12-24,137.81065930144132,139.12753901858028,137.63624017379712,138.97056579589844,86000.0
2020-12-28,139.79034162162446,140.9328155560001,139.13625989096357,139.38046264648438,285000.0
2020-12-29,143.89797972961225,144.26426389931748,142.14504549445277,142.3456268310547,461900.0
2020-12-30,142.2933023885938,142.3281808920841,141.0810714555717,141.1246795654297,246500.0
2020-12-31,137.60136254714547,138.8484853876352,137.16530802942543,138.4996337890625,315200.0
2021-01-04,142.12759185171103,142.14503775617393,138.37752083174647,139.35427856445312,444000.0
2021-01-05,141.14211524452742,141.32526398699827,139.1624374255625,139.93861389160156,450200.0
2021-01-06,139.3107010684836,140.74095934360045,138.52579495806933,138.69149780273438,588400.0
2021-01-07,140.86303464457322,141.8921167692154,140.2612773684609,141.62176513671875,730700.0
2021-01-08,143.47934843612975,144.35145726612052,142.68572620708025,144.3427276611328,492300.0
2021-01-11,139.6072215381947,140.4357224933223,138.58685552305923,139.049072265625,416800.0
2021-01-12,138.778706859495,139.8862756877178,138.18566583066223,139.09266662597656,338500.0
2021-01-13,139.49381565205468,140.29615424178667,139.0664908084829,139.69439697265625,341600.0
2021-01-14,139.33684746622413,139.75545602655498,138.90950929990487,139.7292938232422,304700.0
2021-01-15,137.7059778079271,138.1943699268858,137.2088826987011,137.52284240722656,375200.0
2021-01-19,138.83101459990877,139.52870436468808,138.2903113531844,139.32810974121094,308100.0
2021-01-20,140.06068779658574,140.26126910770122,139.12752493181682,139.9996337890625,268700.0
2021-01-21,139.56360626290245,140.21768803191836,139.03161922514306,140.0083770751953,279800.0
2021-01-22,138.70892536363982,139.0926554147796,138.2118168953925,138.3251953125,191400.0
2021-01-25,138.01124066879663,138.4385788428636,137.4618077746143,138.30775451660156,319100.0
2021-01-26,139.94731858191122,140.49675145642001,138.97056085596313,140.48802185058594,529600.0
2021-01-27,136.07516125813282,137.00832424172293,134.01698356066885,134.53152465820312,593100.0
2021-01-28,140.91535136044808,141.9531630342336,140.1914994089227,140.8455810546875,628400.0
2021-01-29,141.0810822530698,142.5113405375184,139.4066345035198,139.77291870117188,661100.0
2021-02-01,140.47059791917343,140.697341460306,139.2932454889742,140.13046264648438,367900.0
2021-02-02,143.81951034334534,145.0927821371234,143.5665912602101,144.45614624023438,553400.0
2021-02-03,142.79040680255002,143.22646131463884,141.0897968668692,142.22354125976562,761700.0
2021-02-04,141.6217468421732,142.58107184064883,140.61882704975932,141.53453063964844,683200.0
2021-02-05,143.23520424573792,143.85439425839945,141.61308077757965,141.99681091308594,924500.0
2021-02-08,142.310719846887,143.20900423095148,142.057814128339,142.95608520507812,645100.0
2021-02-09,144.5171925573016,145.2323150388291,144.36892231242953,144.9532470703125,359300.0
2021-02-10,144.1857660457155,145.01426683931837,143.23517053839566,143.79331970214844,323100.0
2021-02-11,146.40092313403144,146.74104508748943,145.34567877136814,145.74684143066406,779500.0
2021-02-12,145.3456756896269,146.07824398810752,145.07532405380613,145.7119598388672,225600.0
2021-02-16,148.56375835684238,148.58119095379303,146.93290564379612,147.8311767578125,402500.0
2021-02-17,147.14222971147734,147.8224736584166,146.47943167037235,147.6044464111328,246900.0
2021-02-18,145.79046867058432,148.24982258549454,145.70326574975445,147.80503845214844,387000.0
2021-02-19,147.37770493725563,147.37770493725563,145.77301426111055,145.99977111816406,1031400.0
2021-02-22,143.7235378439412,144.9532144879861,143.17410502270312,144.3427276611328,532000.0
2021-02-23,144.31658019453477,145.45032445073505,143.8979716394531,145.1014862060547,365200.0
2021-02-24,143.83691518805554,146.17417397121628,143.75842858043254,145.86021423339844,418200.0
2021-02-25,145.78540859382824,146.19028718014283,141.73654214713818,142.1766357421875,371100.0
2021-02-26,140.64508625317865,140.6890982928738,137.8901098520342,138.84071350097656,956600.0
2021-03-01,140.02018073966596,141.8333642143801,139.74732485782326,140.26663208007812,513800.0
2021-03-02,141.37567637717416,142.15024548005616,140.94439320628106,141.48130798339844,384400.0
2021-03-03,140.71551489708702,142.14142720806862,140.601099700775,140.90036010742188,304700.0
2021-03-04,142.66073684592317,144.72916861851974,140.7507323158225,141.83335876464844,639500.0
2021-03-05,142.97759481709357,144.68515994171003,142.15021679336485,144.54432678222656,722700.0
2021-03-08,142.09740958405837,144.08662762320046,141.88615984205632,142.6519317626953,341900.0
2021-03-09,145.64457757544977,145.83821983458444,144.77318740934388,145.00204467773438,368300.0
2021-03-10,146.55994110277774,147.90662621705698,145.53893433033713,147.30810546875,435200.0
2021-03-11,147.32573258482077,147.7042066206528,146.47194995679234,147.02645874023438,352000.0
2021-03-12,146.09344642794343,147.68658287912874,145.94381623739667,147.63377380371094,265400.0
2021-03-15,148.61080997139263,148.61080997139263,146.90324458157295,147.56338500976562,272100.0
2021-03-16,148.34674404135012,149.71103688068862,148.02987611370114,149.07730102539062,458100.0
2021-03-17,149.39416324437002,149.97508999462653,148.7076183324633,149.12130737304688,311400.0
2021-03-18,147.633804869689,149.5350125683267,147.633804869689,148.2939453125,370200.0
2021-03-19,147.17611580632587,147.63380350575375,146.36633171837164,147.15850830078125,418100.0
2021-03-22,145.74139529723175,147.1320926573214,145.5301455384087,146.6567840576172,514900.0
2021-03-23,145.89980874728096,146.70078223099816,145.53013177723977,145.81179809570312,409100.0
2021-03-24,145.327708953387,145.78541005739865,144.7203776372273,145.01963806152344,303500.0
2021-03-25,146.2430977308195,146.25190819838696,143.8313934013156,145.01963806152344,307000.0
2021-03-26,144.91399783717358,146.0230287040065,144.29786957782196,145.85580444335938,284400.0
2021-03-29,145.57415412101204,147.67780090002995,145.50373753641261,147.4137420654297,301700.0
2021-03-30,146.37513713667732,147.02646708285135,145.94384056455823,146.15509033203125,343700.0
2021-03-31,145.88223838488955,146.11987927030273,144.46513638745532,144.53555297851562,337200.0
2021-04-01,146.93843124637658,147.7658092389969,145.91741102439457,147.37852478027344,411200.0
2021-04-05,147.5457724148729,149.50858594775823,147.45774832992623,148.9452667236328,197300.0
2021-04-06,148.73402870186203,150.28316676325778,148.66361211447213,149.70223999023438,311600.0
2021-04-07,150.92570200920323,150.9433095139729,148.88366123483172,149.3325653076172,318800.0
2021-04-08,153.75988836635656,154.3848136932109,153.0733434951307,154.01513671875,636500.0
2021-04-09,154.29681303153018,154.54326436379552,153.18776860574576,154.49925231933594,646200.0
2021-04-12,152.36041184780692,153.45183539567006,152.31639980106607,152.78289794921875,327100.0
2021-04-13,152.00830805885343,153.25817211746565,151.71784470690574,152.82688903808594,366500.0
2021-04-14,153.76869640815488,153.9711356973416,152.98533036155536,153.2141876220703,233300.0
2021-04-15,156.28602118481064,157.37745803679624,156.1715925626619,157.21022033691406,347300.0
2021-04-16,157.016596697319,157.65033256636727,156.6909317256604,157.53590393066406,261600.0
2021-04-19,157.72073762723682,159.31387422054786,157.4214772194459,159.11143493652344,618200.0
2021-04-20,157.36867082720948,157.7471583245505,156.65572131126433,157.20144653320312,364100.0
2021-04-21,157.68549618612184,159.18182483541602,157.6150930448121,158.79454040527344,292300.0
2021-04-22,160.8542162015293,161.71679592592955,159.27868697008256,159.3138885498047,840400.0
2021-04-23,159.67476771432703,160.73978673547086,159.18186501721007,160.14126586914062,796700.0
2021-04-26,158.15201766793243,158.4248869609565,156.87574901073899,157.51829528808594,410000.0
2021-04-27,157.97598884680878,158.27526269059913,157.51830119035824,157.6943359375,625000.0
2021-04-28,158.95298792288358,159.56031918131274,158.24003850841095,158.49530029296875,327400.0
2021-04-29,160.54614290281555,161.41753308208436,159.60434956515326,161.39112854003906,529700.0
2021-04-30,159.7363617806236,160.14125378303538,157.76475114095632,157.861572265625,306000.0
2021-05-03,158.68893546517356,159.21705312774617,158.21364031333027,158.70654296875,506200.0
2021-05-04,159.2962720608997,159.73636565085843,157.9495867500732,158.22244262695312,395300.0
2021-05-05,159.13784321843838,159.49872318192527,158.0464062912794,158.1696319580078,549200.0
2021-05-06,159.19065392664413,160.24687585662303,158.37207286526188,159.9300079345703,361200.0
2021-05-07,160.29968840632992,161.71679033414017,160.1588686617194,161.28550720214844,215800.0
2021-05-10,162.09524463433442,162.53533814381257,160.95979585875148,161.4351043701172,429800.0
2021-05-11,158.63611386516783,159.12021944588784,157.74712974827403,158.77694702148438,249600.0
2021-05-12,164.56860545292676,164.63021157436512,162.28892377847612,162.45616149902344,505700.0
2021-05-13,161.6463630457222,164.40135309438605,161.61995850594374,164.01406860351562,344000.0
2021-05-14,165.571995728056,166.9714899921072,165.5103761844439,166.5402069091797,380000.0
2021-05-17,166.7514441124555,167.8868929973763,166.7514441124555,167.0155029296875,322000.0
2021-05-18,167.33238884112842,168.01893378149913,166.9979134079152,167.0859375,340300.0
2021-05-19,166.82189135510524,167.86051931229886,165.7744663602697,167.23558044433594,315300.0
2021-05-20,168.01015097289928,169.7705255189503,168.01015097289928,168.99595642089844,418600.0
2021-05-21,169.54164522979815,169.76169201819965,167.7196648057406,168.14215087890625,287000.0
2021-05-24,168.42381670290575,169.10155113909786,168.28298353541516,168.78468322753906,387200.0
2021-05-25,168.72307435844948,169.5944510280786,168.2829807901633,169.11915588378906,309100.0
2021-05-26,169.3568133209355,170.08737026954827,169.1807785764651,169.62966918945312,322800.0
2021-05-27,169.6032694101134,169.93774483540903,169.0663546945238,169.78810119628906,354700.0
2021-05-28,169.2071767327524,170.49224240643443,169.2071767327524,170.09616088867188,311300.0
2021-06-01,170.9411605733443,171.12599236264765,169.99935383063914,170.48345947265625,632800.0
2021-06-02,170.78272320766524,171.6629104172829,170.68590207738364,171.21401977539062,443000.0
2021-06-03,168.86391609028533,169.7705078125,168.5822497456098,169.7705078125,459300.0
2021-06-04,170.01694980823086,170.09616342684748,169.37440353121215,169.54164123535156,332700.0
2021-06-07,171.10837598120182,171.27561368800338,169.94653593122723,170.01695251464844,245800.0
2021-06-08,171.26684104553016,171.36366218270103,170.02577376831957,170.70352172851562,256300.0
2021-06-09,171.58370822013006,172.02380185425142,171.0644009552089,171.12600708007812,339100.0
2021-06-10,171.36363969476767,172.4110645601837,171.20519902264743,171.5924835205078,378500.0
2021-06-11,171.1876239150479,171.39006322296086,170.1137943904096,171.0555877685547,268500.0
2021-06-14,170.50105962753892,171.3372347382934,170.32501145214627,171.1523895263672,266100.0
2021-06-15,172.34066545042387,172.53430771898837,171.63651296751576,172.30545043945312,505700.0
2021-06-16,173.69614432259615,173.98660771946098,171.52208079533406,171.75973510742188,684700.0
2021-06-17,169.1455621095717,171.40764951979546,169.1455621095717,170.87953186035156,263400.0
2021-06-18,169.30400530617862,169.53284913237138,167.82528389602257,167.93971252441406,432800.0
2021-06-21,170.19300801995055,171.36365867978054,169.04876190330086,171.0555877685547,409800.0
2021-06-22,171.5748780886981,172.04138964354718,171.1964040534125,171.40765380859375,334900.0
2021-06-23,173.06239246284406,173.23844063663213,170.597879196891,170.69468688964844,437800.0
2021-06-24,170.71227800165744,171.47804987845552,170.43942216131106,171.0819549560547,239300.0
2021-06-25,170.3426269440662,170.9411612211713,170.14898468652552,170.73870849609375,223500.0
2021-06-28,170.65070289328557,170.9763678676252,170.07857314065052,170.439453125,207400.0
2021-06-29,170.44824958520877,170.7563204840918,169.34801556147107,169.77931213378906,273000.0
2021-06-30,169.91129740396465,170.67706924854807,168.2829594659964,168.72305297851562,351400.0
2021-07-01,168.74948823795336,170.21060218887396,168.74948823795336,168.94313049316406,206600.0
2021-07-02,168.93431322172992,169.348002256601,168.28298332642743,168.56463623046875,477000.0
2021-07-06,168.96073119236792,169.04874184899768,167.72846112424062,168.56463623046875,480300.0
2021-07-07,168.08931593776742,169.7352613639904,168.071708436839,169.56802368164062,344300.0
2021-07-08,165.80086563554565,166.67225583571226,165.11432066472037,166.41700744628906,323100.0
2021-07-09,166.59303225434604,167.85169348212818,166.49621112677892,167.6404571533203,233800.0
2021-07-12,168.28296832190392,168.74946639527676,167.7724582088454,168.10693359375,223400.0
2021-07-13,169.83211576715223,170.6330893340673,169.40962967616244,169.6384735107422,297300.0
2021-07-14,170.06975019268052,170.91472227590577,169.41840691264468,170.78269958496094,434100.0
2021-07-15,170.22821835196575,170.9587754222257,168.9695569603584,169.594482421875,290000.0
2021-07-16,169.60326830932783,169.90252872444452,169.0311385892149,169.49765014648438,270800.0
2021-07-19,165.8624815782902,166.50501448713382,164.05809509451615,164.84146118164062,342100.0
2021-07-20,164.98229670331997,166.24976846466856,164.89427260799638,165.7744598388672,401400.0
2021-07-21,166.79548138410016,167.53483543971677,166.7162677561251,167.09474182128906,319400.0
2021-07-22,168.23895627671115,168.6086332349989,167.3323646676888,167.70204162597656,450900.0
2021-07-23,168.9079297048375,170.06978333391726,168.63507380332106,169.55047607421875,447600.0
2021-07-26,167.92211680241348,168.70548289120097,167.7636895494545,168.2917938232422,310600.0
2021-07-27,168.90790154221054,170.44822898931986,168.73186680580164,170.26339721679688,419100.0
2021-07-28,170.47465131864527,172.1910271118705,170.43944973992572,171.82135009765625,326900.0
2021-07-29,173.5905032792839,174.79635532476993,173.19442176505612,173.91616821289062,624900.0
2021-07-30,175.26287422213068,176.03744327030918,173.9954024816899,174.4619140625,338700.0
2021-08-02,175.28925061653797,176.16064065581253,174.47068308345888,174.989990234375,513700.0
2021-08-03,176.66235328189563,176.9968152367417,175.16602451374288,176.03741455078125,304700.0
2021-08-04,177.56014978641807,178.1058749515354,176.35429769021806,176.44232177734375,305700.0
2021-08-05,177.59534305876176,177.71856870730295,176.6271319412322,177.58653259277344,333000.0
2021-08-06,175.63255112944833,176.01983565329087,174.92841210128847,175.1396484375,243200.0
2021-08-09,175.16602724612093,175.57091921536266,174.43547035266872,175.02520751953125,254100.0
2021-08-10,175.6413570241715,175.975819024662,174.69955028111252,175.20126342773438,288900.0
2021-08-11,174.91078594660817,175.56212925185693,174.78756028675997,175.21885681152344,375600.0
2021-08-12,175.5797447737291,175.79979158109612,174.95481936193787,175.21006774902344,237700.0
2021-08-13,176.8032059311721,177.56897795987305,176.58315912200578,177.37533569335938,260900.0
2021-08-16,176.47751738774144,177.3753120098302,176.1166374455522,177.34890747070312,343100.0
2021-08-17,175.29810122749157,175.68538577808255,174.40910348256446,175.03404235839844,442800.0
2021-08-18,175.5885574059216,176.15187670250103,174.44431130739073,174.62034606933594,474200.0
2021-08-19,171.43405009792164,172.7191157792997,170.8707308751416,172.27902221679688,746400.0
2021-08-20,168.133376475766,169.30402715932067,167.7548889648582,168.77590942382812,789600.0
2021-08-23,170.2370168004395,170.75632404713784,169.72650659110184,170.3250274658203,623700.0
2021-08-24,169.82333725227704,170.68591703271528,169.4800647476726,170.36904907226562,234200.0
2021-08-25,170.4570323871973,170.66826868989222,169.82329661793463,170.0697479248047,251300.0
2021-08-26,170.50665829954946,170.76523900852672,169.57044266623095,169.78443908691406,295000.0
2021-08-27,170.94356161371684,171.72820154667957,170.7028173424279,171.48745727539062,430900.0
2021-08-30,171.5676919115225,171.6390240476485,170.90787985626756,171.2467041015625,137400.0
2021-08-31,171.1486717476133,171.37157963308954,170.6226124031416,171.2913360595703,287000.0
2021-09-01,174.62599855321872,175.383877008137,173.83244722676653,174.83106994628906,323800.0
2021-09-02,175.05399196478274,175.75837477471072,174.5725033965454,174.81324768066406,233300.0
2021-09-03,173.91270247632,175.05398954830653,173.50254605738024,174.73300170898438,318900.0
2021-09-07,173.07456387031772,173.31530814702867,171.9421882334187,172.03135681152344,222000.0
2021-09-08,172.06700835610735,172.53066045205347,171.5320377271365,172.26316833496094,242600.0
2021-09-09,172.2007712916812,172.78923765745532,171.5409591782799,171.65687561035156,272600.0
2021-09-10,174.09993891440325,174.30502392821015,172.60200472174444,172.6109161376953,321400.0
2021-09-13,174.28718341740537,174.79540621903027,173.226139919798,173.79678344726562,244000.0
2021-09-14,173.7522050617298,174.17127290452294,171.87978730105164,172.20077514648438,260000.0
2021-09-15,171.9421767990982,172.09375248762447,170.39965845801194,171.25563049316406,308700.0
2021-09-16,170.55123617277118,171.31803964485837,169.24053705646853,170.8900604248047,319700.0
2021-09-17,170.970312475532,171.22887958242086,168.7412340860205,169.4188690185547,302600.0
2021-09-20,166.70831118580702,167.724770359794,165.83451629015158,167.1184539794922,262700.0
2021-09-21,168.99089284536896,169.82011709603404,168.5450771593726,168.6164093017578,267000.0
2021-09-22,170.79198452067493,171.64794298125182,169.98059674256695,170.15892028808594,476500.0
2021-09-23,171.65686984379815,172.53066474986713,170.9613984851616,171.06838989257812,293000.0
2021-09-24,170.31049660951587,170.78306012922874,168.99979745703993,169.27621459960938,451900.0
2021-09-27,170.88114256777087,171.54986607941916,170.17675978846248,170.6760711669922,403500.0
2021-09-28,169.989491554916,170.83655212252287,168.9462846300462,169.2316131591797,424900.0
2021-09-29,170.4620805837604,170.98815343757167,169.57937422548912,170.39967346191406,217200.0
2021-09-30,174.79539200087402,174.83997628639014,171.58552752192003,172.0848388671875,529900.0
2021-10-01,171.612282793133,172.28991770455383,169.69528087996787,171.8619384765625,373600.0
2021-10-04,171.99568663394484,172.8249108866282,170.44425675023896,172.10269165039062,257100.0
2021-10-05,171.5409506542654,172.5574098240038,170.9970549999624,171.8619384765625,187400.0
2021-10-06,169.46345148224873,172.03135411297814,169.34753505357384,171.96002197265625,267200.0
2021-10-07,172.41474511615917,173.2528807392449,172.09375729466282,172.281005859375,254100.0
2021-10-08,172.44149306192594,173.16372586459892,172.2542581023256,172.73573303222656,185400.0
2021-10-11,172.61983948003095,173.02107087736124,171.96002736527294,172.10269165039062,176000.0
2021-10-12,172.41476010323052,173.59172008609525,171.99569225526037,172.28993225097656,506000.0
2021-10-13,174.7686545516659,175.95452586985814,174.58141958865448,175.838623046875,656400.0
2021-10-14,177.68431549062666,178.2460476616624,177.07801263095712,177.80023193359375,278100.0
2021-10-15,177.16713290177,177.94286136817107,176.87289294626802,177.6753692626953,161000.0
2021-10-18,175.90994175294847,177.25631378881872,175.61571538221554,176.74807739257812,219000.0
2021-10-19,177.88935838018418,178.46892689683247,177.30089205349603,178.2995147705078,180600.0
2021-10-20,179.38731259945806,180.19870038921172,179.25355973448828,179.77963256835938,172300.0
2021-10-21,178.71861986458987,179.28926347983122,177.46141618554947,178.04989624023438,254600.0
2021-10-22,179.52106062798393,180.10062919406633,178.96825352037436,179.619140625,179900.0
2021-10-25,179.04849038028544,179.04849038028544,177.83587119219615,178.09445190429688,203400.0
2021-10-26,178.6383546560686,179.00391318647047,178.14795466990105,178.74534606933594,186100.0
2021-10-27,178.4332500079203,178.59375071537727,177.1492987691198,177.30088806152344,177000.0
2021-10-28,178.7364443310072,179.6548236251852,178.611616473698,179.01284790039062,186800.0
2021-10-29,178.18361916534414,178.98609560403168,177.63972345659056,178.03204345703125,174300.0
2021-11-01,178.19253109663097,179.50323027217442,178.18360607577569,179.38731384277344,169400.0
2021-11-02,179.46755956415703,180.7604223188008,179.43190029594987,180.7425994873047,170900.0
2021-11-03,180.74262099038108,182.44562675548192,180.32355311171207,182.27621459960938,199200.0
2021-11-04,180.93875567005875,182.28512780775623,180.92984425382804,181.9195556640625,167600.0
2021-11-05,181.35781188220614,182.48127609509228,181.35781188220614,182.47235107421875,248300.0
2021-11-08,182.784435243764,182.91817451039282,181.56290459116968,182.24053955078125,238700.0
2021-11-09,182.17811759985196,182.42777328071546,181.33998198328987,181.8214569091797,161000.0
2021-11-10,182.2405251448951,182.8379164973063,181.17057028079714,181.4023895263672,156800.0
2021-11-11,182.21376537771894,182.42776177862982,181.60744904441145,181.91061401367188,145500.0
2021-11-12,183.06083724802156,183.57798508329904,182.63285799321835,182.6417694091797,189900.0
2021-11-15,182.97167429021437,183.4085649419186,182.36535790091446,182.82901000976562,176300.0
2021-11-16,185.7089627976385,186.08344630440283,184.17535590029104,184.21994018554688,294500.0
2021-11-17,185.95862244931016,187.09099801402132,185.57522751937344,186.94833374023438,336300.0
2021-11-18,186.6362817206021,187.37632377251046,186.49361743858,187.23367309570312,200600.0
2021-11-19,187.24259046576847,187.28717475597003,185.65548769214251,186.09239196777344,214700.0
2021-11-22,186.46684571609728,187.03748916592096,185.1918059672208,185.2542266845703,201900.0
2021-11-23,184.96893211964246,185.58415996550596,184.28237212880188,185.3523406982422,209500.0
2021-11-24,184.13971762269466,184.91543257474686,183.800893342389,184.80844116210938,157200.0
2021-11-26,180.43052448601333,180.64452091258232,179.11982528436005,179.94012451171875,284500.0
2021-11-29,182.3386081602515,182.90925167092098,181.88388107689778,182.784423828125,181700.0
2021-11-30,180.79607815041297,182.16918433300526,178.79881918870151,181.15272521972656,407600.0
2021-12-01,183.40858436619257,183.75632008335495,179.00392287865822,179.01284790039062,439700.0
2021-12-02,181.96414785678576,183.71173787898266,181.89281570819583,182.99844360351562,264900.0
2021-12-03,182.74875350542658,183.02515702595252,181.29539016241304,182.4545135498047,281100.0
2021-12-06,185.06698231181207,187.25147617969398,185.0313230476745,186.70758056640625,261300.0
2021-12-07,188.52654216235337,190.02447635818223,188.31254573214272,189.6321563720703,168800.0
2021-12-08,189.41815008103836,189.62322146465883,187.5903032477587,188.96340942382812,182000.0
2021-12-09,186.44903302578965,186.70760013221982,185.5128173828125,185.5128173828125,285400.0
2021-12-10,186.89486080413647,187.28718080223126,186.39554939027607,187.18017578125,163300.0
2021-12-13,187.44765461500728,187.80431531759186,186.0834597400061,186.35986328125,181400.0
2021-12-14,186.59167559132047,187.20690333096567,184.9867366194662,185.7535400390625,204100.0
2021-12-15,185.37015322417432,187.24258451137396,184.88867827886813,187.23367309570312,178400.0
2021-12-16,187.5546419674211,188.94558456348702,187.0374942012814,187.59921264648438,231700.0
2021-12-17,187.26934182893066,189.2220167715081,187.03752256283875,187.96481323242188,562500.0
2021-12-20,187.76863661818473,188.98125575891484,187.1979931169714,188.76727294921875,174700.0
2021-12-21,188.90099471412103,191.11223637592252,188.90099471412103,190.8715057373047,224300.0
2021-12-22,190.90716867840868,193.2432382143841,190.90716867840868,193.15408325195312,261900.0
2021-12-23,192.77070393372043,194.3132224300545,192.7528674964475,193.5464324951172,180400.0
2021-12-27,193.72475515362086,196.25698502602012,193.2521916071948,196.15890502929688,151800.0
2021-12-28,195.9716585190749,196.42639923832292,195.2851121399852,195.7933349609375,145400.0
2021-12-29,196.90786625919833,198.01349404337486,196.75629056063792,197.75491333007812,234900.0
2021-12-30,196.80976584248847,197.01485082974284,195.2404997097513,195.4188232421875,171900.0
2021-12-31,194.50047437052646,196.56906576305516,194.50047437052646,196.2837371826172,111200.0
2022-01-03,196.105376947878,197.1039995822228,195.66847274274565,196.9791717529297,183700.0
2022-01-04,197.58554078884367,198.95864727743106,197.35370789743394,198.04026794433594,198600.0
2022-01-05,196.08755264295152,197.90648810255053,195.5704048595445,195.59715270996094,249200.0
2022-01-06,192.89551366898215,193.71581283870228,191.59373957983146,191.7542266845703,347200.0
2022-01-07,189.1150133753855,189.60539973007906,187.9023942041647,188.47303771972656,309700.0
2022-01-10,188.42844936114304,188.86535360784418,187.32282162134396,188.3927764892578,460900.0
2022-01-11,185.70897105638346,187.31391016047147,185.06699541474828,187.0731658935547,376800.0
2022-01-12,186.8413484478022,187.20692055938136,186.21720923609044,186.66302490234375,278500.0
2022-01-13,185.73570982633711,185.91403336135812,184.56767502595392,185.05807495117188,289300.0
2022-01-14,183.2123971892703,183.9346163712494,182.61500584608737,183.9257049560547,295000.0
2022-01-18,179.84203621998813,181.75012671858474,179.5121369821437,181.00115966796875,371600.0
2022-01-19,182.05328301075332,183.80088644783075,181.82146375699614,182.4277801513672,373800.0
2022-01-20,183.497729336827,184.9243312931603,182.0711137752794,182.2940216064453,340700.0
2022-01-21,183.2391724502293,184.0594717429124,181.10817385151555,181.23300170898438,498600.0
2022-01-24,180.85851701377936,180.9655220375284,176.55193555001696,180.76043701171875,420400.0
2022-01-25,178.29060171103802,180.01144359896276,177.30089041840745,179.11090087890625,459100.0
2022-01-26,179.7528654656678,180.10060110900488,175.75834766939028,176.6410675048828,454200.0
2022-01-27,180.7871581955563,182.08003446977224,178.32626069583085,179.11981201171875,575300.0
2022-01-28,179.38730867316215,180.22544429652237,177.53271388226634,180.10061645507812,354900.0
2022-01-31,180.10060068046556,182.16917810110405,179.82418356520796,181.8481903076172,453800.0
2022-02-01,185.36124456485734,185.38799241748237,182.2048755081672,183.85438537597656,504800.0
2022-02-02,187.02857203985516,187.94695116809456,186.39552145117662,187.2069091796875,325300.0
2022-02-03,184.54095173479476,185.34341455178836,183.5512403377211,183.6136474609375,283900.0
2022-02-04,183.0429949598025,183.85438275845047,181.58964510207807,182.9181671142578,258100.0
2022-02-07,185.12941949897868,185.45040732562384,183.18565610284546,183.26589965820312,266400.0
2022-02-08,182.24052585356358,183.55122498887502,182.14244586366905,183.15890502929688,225700.0
2022-02-09,185.41473972810144,185.494983285742,184.24670481617227,185.13833618164062,245700.0
2022-02-10,182.69525935598062,184.20211852407283,181.5272244567512,182.05328369140625,274200.0
2022-02-11,181.99978917052385,183.0340848151996,179.59238721532088,179.88662719726562,339100.0
2022-02-14,177.96068854981252,178.1390120894191,176.0347616695477,176.93531799316406,278100.0
2022-02-15,178.92365477759157,179.449713989452,177.84478850277372,178.32626342773438,301100.0
2022-02-16,175.83863685015373,177.55947894582155,175.7940525584844,177.14932250976562,280200.0
2022-02-17,177.15821406042957,177.80910105913853,175.82076719432965,177.03338623046875,501600.0
2022-02-18,178.01422336134723,178.74536772114672,177.44357974610588,178.04989624023438,216000.0
2022-02-22,177.0869192028164,178.77210206460327,176.79267919771507,177.69322204589844,317300.0
2022-02-23,181.0992440296955,181.16165114947938,177.3900543487105,177.62188720703125,296000.0
2022-02-24,171.65528734579055,173.58752724156395,169.68709101925876,173.470703125,526100.0
2022-02-25,178.82708065859055,181.5771582642561,178.7461992498032,181.49627685546875,455500.0
2022-02-28,179.2315037526667,180.975020613856,177.91938183735826,179.46517944335938,327700.0
2022-03-01,179.3663030545546,180.36388148947012,174.71992841854512,176.47242736816406,371400.0
2022-03-02,174.78283745445944,176.4814155260712,174.71093830112503,175.35801696777344,363000.0
2022-03-03,175.07941019815289,175.40294952016518,172.48211337071217,172.9314727783203,347100.0
2022-03-04,168.8872348993803,169.36355476532148,166.65841611975367,168.21319580078125,518000.0
2022-03-07,161.90419774290237,162.44343454624283,157.68921779312535,158.18350219726562,818900.0
2022-03-08,162.1019012938784,163.11745789937845,158.09362323103932,159.88206481933594,504300.0
2022-03-09,166.11917245207346,169.33658726128272,165.45412934564385,168.17724609375,542800.0
2022-03-10,161.15825523920026,163.27921835604994,159.57650143902757,160.18763732910156,506000.0
2022-03-11,159.64840498358458,160.897623550619,157.815024689578,157.85096740722656,302900.0
2022-03-14,161.67052134346707,164.30377450889975,161.13128458826245,161.50875854492188,344100.0
2022-03-15,165.24741104544128,165.35526661978923,162.22771551753405,164.3936309814453,424600.0
2022-03-16,168.56369995175083,171.7541545104707,167.65599887892466,171.52049255371094,588900.0
2022-03-17,173.40780281079586,176.1938367865046,172.71578544280285,175.5557403564453,557100.0
2022-03-18,173.6324543409747,178.62932824096285,173.58751566220457,178.18896484375,505900.0
2022-03-21,177.2183710905347,177.68570872928254,175.65459536474077,176.55331420898438,241300.0
2022-03-22,178.42261600095728,180.00435591929613,177.9822389169763,179.68081665039062,341800.0
2022-03-23,178.27883461315642,178.95287367778855,177.2093571031359,177.5778350830078,302800.0
2022-03-24,178.55745660511784,179.59099152261362,178.11709314006518,179.57301330566406,269300.0
2022-03-25,182.02651149682228,182.26916942826531,180.5256526493069,182.10740661621094,352900.0
2022-03-28,181.1098234650829,181.54120466613261,179.87856933607358,181.33450317382812,264900.0
2022-03-29,186.2864478129985,187.01440790956474,182.63765136484153,185.2978515625,358500.0
2022-03-30,184.1564731778299,185.09113469888794,183.3476180272721,184.00369262695312,220800.0
2022-03-31,183.43749318861364,184.7586109099582,182.43093252982177,182.56573486328125,262900.0
2022-04-01,183.65318746311758,184.542910275302,182.23321015064437,184.35418701171875,314300.0
2022-04-04,184.58785523375673,185.1899951888844,183.7250791450993,185.0821533203125,284400.0
2022-04-05,186.6099634288196,187.7423441335601,186.13364358142684,187.07730102539062,396700.0
2022-04-06,187.78728248569524,190.8249562880498,187.14919984446786,190.40255737304688,433700.0
2022-04-07,187.7423272159884,189.74647975080336,187.38284522847155,189.18028259277344,399600.0
2022-04-08,187.94006151905572,189.4768766228534,187.36488206481326,188.74891662597656,295300.0
2022-04-11,186.72681135637114,188.6770295322584,186.69085492441923,187.4997100830078,267100.0
2022-04-12,185.38768841728225,187.68840604647596,185.26186835047818,185.7831268310547,440200.0
2022-04-13,184.3901286683487,186.77174164039158,184.28228680406426,186.19654846191406,352400.0
2022-04-14,187.0053837432701,188.73092195554634,186.50210347885937,188.02992248535156,454600.0
2022-04-18,187.38287579426526,188.32653330712444,185.80113559247616,186.21453857421875,172800.0
2022-04-19,182.0804412846237,183.59926459511794,182.0175243838197,183.0330810546875,440500.0
2022-04-20,182.8802823656916,185.0461841190928,182.87128640169092,184.41708374023438,549900.0
2022-04-21,185.4326424227858,186.18756288601568,182.72750390619876,182.81736755371094,339200.0
2022-04-22,183.14989663576722,183.41951501610993,180.43577575683594,180.43577575683594,316900.0
2022-04-25,182.21524367381417,184.16546189885045,181.00196776203498,183.89584350585938,383800.0
2022-04-26,184.33620755597488,184.52494453164832,180.57057371364274,180.5975341796875,328700.0
2022-04-27,180.9749869206296,181.93662254758968,177.59580942052452,179.1505889892578,1122100.0
2022-04-28,178.55742785246449,181.72991753516894,177.73060827962544,181.22662353515625,656700.0
2022-04-29,181.04690432263587,182.0444827656478,178.2968269157816,178.5574493408203,403600.0
2022-05-02,178.38668681233167,179.30337004926258,175.13331566353114,177.59580993652344,427500.0
2022-05-03,180.444762094501,180.73235869694255,178.5754253187131,179.7257843017578,480700.0
2022-05-04,177.76657832162007,180.54361607459433,176.40052192940192,180.480712890625,446300.0
2022-05-05,177.27229563063767,177.6857123412726,174.29753838985835,175.31309509277344,276600.0
2022-05-06,169.6960698942263,170.21731466748753,167.66495687509263,169.13885498046875,598500.0
2022-05-09,167.0178976782274,167.92561243830767,165.40020110352245,165.93943786621094,456200.0
2022-05-10,167.16168893463404,167.59307009859552,164.63629141959785,165.9034881591797,323800.0
2022-05-11,166.55955347636112,167.97953079720637,163.80048023382608,163.99819946289062,338800.0
2022-05-12,163.31519434436876,165.31933358707016,162.44343594238083,163.85443115234375,330200.0
2022-05-13,166.28992573293286,170.65769931499588,166.28992573293286,170.58580017089844,422100.0
2022-05-16,170.67568342022594,172.63488373940473,170.19036760915742,172.0776824951172,313000.0
2022-05-17,172.9764130122028,173.21007496944355,171.76313711544142,172.88653564453125,208100.0
2022-05-18,170.4779620324876,170.76554490179495,165.5979120847223,165.97537231445312,271700.0
2022-05-19,160.9785122895253,162.6051911761536,159.71132916257463,161.42787170410156,394600.0
2022-05-20,163.07252276475356,163.89036016018582,161.15826105467303,163.80947875976562,485600.0
2022-05-23,164.47449606694087,166.3977534395476,164.2138736909443,165.3732147216797,320700.0
2022-05-24,164.3217428254857,166.4606979671943,163.9442825734243,165.89450073242188,265900.0
2022-05-25,164.46553106421686,166.2000516673448,164.09705308592675,165.4720916748047,373300.0
2022-05-26,165.12159398899385,166.25398840351411,165.0137521260338,165.57095336914062,306600.0
2022-05-27,166.60449920742803,167.41334065992615,165.66084170393964,167.0718231201172,409500.0
2022-05-31,167.59307013743395,169.00406516978327,166.4966321557011,168.033447265625,563000.0
2022-06-01,166.82916202549504,167.08080217250549,163.33314671878628,164.98678588867188,393600.0
2022-06-02,165.66085070343183,169.06698918172745,164.52846986574593,169.02206420898438,449900.0
2022-06-03,168.38395909870715,168.65357748807583,166.236021661893,166.3528594970703,288100.0
2022-06-06,168.8153505448721,170.1634288602156,167.30550941410107,168.0694122314453,349900.0
2022-06-07,165.93046730892036,168.17726445619658,165.85856815460411,168.08738708496094,247700.0
2022-06-08,163.09949223276033,164.51048740253228,162.28166850555422,163.51290893554688,724800.0
2022-06-09,162.75797317821383,164.72615574649768,161.35596039117874,161.3829345703125,559000.0
2022-06-10,157.35668557077076,159.1900797673499,156.51188762855895,158.13858032226562,665700.0
2022-06-13,154.76837828842565,156.44897813983417,153.8696594436748,154.30104064941406,389700.0
2022-06-14,151.784609360387,152.35978881269168,149.40301015475669,150.68817138671875,648500.0
2022-06-15,154.46278636738424,155.3165801461123,151.84752524069862,154.27406311035156,520000.0
2022-06-16,152.4137257962858,153.59104529036438,151.81158581509146,153.03384399414062,474700.0
2022-06-17,155.24469350570348,155.88277618678592,153.9774966815448,154.39089965820312,477500.0
2022-06-21,156.46695697106296,157.54541684632784,155.50532122098886,156.64669799804688,434800.0
2022-06-22,155.99063198902405,158.38121362529913,155.83783772204353,157.50047302246094,294400.0
2022-06-23,157.41958543351618,158.21044863803397,156.27820873855302,157.63526916503906,385000.0
2022-06-24,161.18522004453254,164.3666785188197,161.0324257828804,164.28579711914062,392300.0
2022-06-27,162.65912616396727,163.53986677863037,162.27266993567892,162.8388671875,300300.0
2022-06-28,163.16240327378554,164.05212612227348,161.05940454217307,161.15826416015625,545300.0
2022-06-29,157.03311991411834,158.30031661511654,156.43997597424132,157.42855834960938,559600.0
2022-06-30,155.60416849592815,157.10502720786363,154.43583134319604,156.4849090576172,749000.0
2022-07-01,152.44968688561522,155.26266763431732,150.77806923252936,155.14584350585938,1019600.0
2022-07-05,152.1261143946958,154.38189333862712,151.2992948569199,154.32797241210938,618600.0
2022-07-06,156.35010121863795,157.1499603534294,155.31658014687542,155.97264099121094,483300.0
2022-07-07,153.276486291126,154.27406465695023,153.276486291126,154.2291259765625,509800.0
2022-07-08,153.36635895346745,154.90317414755927,153.36635895346745,154.3639373779297,491100.0
2022-07-11,153.53709356581226,154.25607124108532,152.82711185374617,153.39329528808594,269800.0
2022-07-12,153.70787314076895,155.68505173074752,153.56407484355148,154.3819122314453,289200.0
2022-07-13,154.91215347290645,157.3746478947753,154.63355284209217,156.2242889404297,420400.0
2022-07-14,154.04939946611748,155.27165763554848,153.0518210064101,154.92115783691406,501600.0
2022-07-15,156.3590877536032,157.4914821802722,155.4424044818885,157.0331268310547,359400.0
2022-07-18,159.1900484195011,159.2889080254703,156.05351520589522,156.29617309570312,551600.0
2022-07-19,158.89349168274066,160.62801244000119,158.74969337891858,160.5651092529297,1765300.0
2022-07-20,159.15409701373505,159.387772660686,157.59931744657783,157.9318389892578,230200.0
2022-07-21,159.03729971937096,160.6460004875771,158.67780393781518,160.48423767089844,314300.0
2022-07-22,160.95156161795927,162.16483759650507,160.2595579510133,160.91561889648438,232800.0
2022-07-25,162.0749157545806,162.26365270228544,161.26607446637826,162.13783264160156,232900.0
2022-07-26,162.20974739236397,163.0006105442084,161.84126942440676,162.64112854003906,221900.0
2022-07-27,164.83402252346377,167.0179026796928,163.60276841157176,166.78424072265625,515400.0
2022-07-28,168.76141279108916,171.23288945629542,167.8626940037414,171.15200805664062,436500.0
2022-07-29,169.75002409395807,172.0507422007867,169.66014672185693,172.01478576660156,365300.0
2022-08-01,172.32934054279755,174.38740068802156,172.32934054279755,172.75173950195312,318100.0
2022-08-02,171.277837401082,171.58339851409855,169.88482046268624,170.01962280273438,244400.0
2022-08-03,169.2736865504708,171.5744044175316,168.55470878867428,171.34072875976562,366900.0
2022-08-04,169.84889064044938,171.1070916209762,169.73205279462823,170.756591796875,195700.0
2022-08-05,168.84229709274334,169.4624152608093,167.629034936987,169.29165649414062,354500.0
2022-08-08,170.38810962869857,171.29582447650446,168.89623299265793,169.2197723388672,234400.0
2022-08-09,169.5433163580364,169.9207903668194,168.53675557024772,168.6985321044922,241200.0
2022-08-10,171.5114937583853,172.02377006055463,171.02619163670553,171.63731384277344,234700.0
2022-08-11,169.39950009967495,170.6487185987101,168.46482493136452,168.84228515625,293900.0
2022-08-12,168.93216292323956,169.92075902415394,168.6625445581393,169.8218994140625,403200.0
2022-08-15,170.3161741876382,170.44199425583872,169.37253053281395,169.97467041015625,224400.0
2022-08-16,169.66911915386783,170.47797431587964,168.8063567704216,170.37013244628906,355600.0
2022-08-17,170.71162300290325,170.99022361993246,169.53430364017478,169.99264526367188,275200.0
2022-08-18,169.40849202400622,170.07354886584392,168.8243302954745,169.59722900390625,255600.0
2022-08-19,169.14786593674523,170.18138703813034,168.71647105301287,169.0669708251953,219600.0
2022-08-22,168.18624537265487,168.7344644207721,166.46968907455772,166.86512756347656,305000.0
2022-08-23,165.20249791508587,166.55057612746216,164.8609803796751,166.11019897460938,205000.0
2022-08-24,165.22943886638905,167.04484077101208,165.1215832970529,166.27194213867188,243300.0
2022-08-25,167.62592917645372,168.03539153708684,166.62500884218085,167.32565307617188,513300.0
2022-08-26,168.10818256591176,168.4266609959469,163.28559051922818,163.4038848876953,457100.0
2022-08-29,162.49396217642598,164.35019797258545,162.25738732410937,163.1309051513672,249500.0
2022-08-30,164.7596654316992,164.9507413718478,162.18458322042622,162.6941375732422,269600.0
2022-08-31,162.03900727300277,162.6213571420933,160.50123596191406,160.50123596191406,265700.0
2022-09-01,159.17273693193627,159.96437895161003,157.76236815843959,159.8369903564453,267900.0
2022-09-02,160.46483781412834,161.39294876386643,157.5166839270665,158.18092346191406,336700.0
2022-09-06,159.81876753807606,160.8014853824044,158.2719022566442,158.65406799316406,320200.0
2022-09-07,157.23460727900954,159.82787801573014,157.23460727900954,159.75509643554688,186300.0
2022-09-08,157.9625591777692,160.29195866870688,157.63498650658633,159.97348022460938,263000.0
2022-09-09,161.67501592060788,162.51215680144722,160.9925740760626,162.15728759765625,228900.0
2022-09-12,164.33200938565656,165.14183985691972,164.20462079077188,164.75967407226562,256100.0
2022-09-13,162.6850354943662,163.56766141833003,159.53671146160698,159.79148864746094,265900.0
2022-09-14,160.23734905299844,161.42934524141182,159.24552303008332,160.21005249023438,481100.0
2022-09-15,158.63588914050953,160.0826626181376,158.14453708776793,158.52670288085938,435000.0
2022-09-16,157.87155734052936,158.76327752320177,157.50759388597783,158.24462890625,393000.0
2022-09-19,157.4166050394375,159.25465252346038,157.09812658534204,159.22735595703125,184200.0
2022-09-20,158.72690168058776,158.72690168058776,156.58857800183867,157.6986846923828,286800.0
2022-09-21,158.3902278817179,160.56494226119455,157.83517456054688,157.83517456054688,362000.0
2022-09-22,158.80878209729076,158.87248334048581,155.92432926980032,156.44297790527344,302200.0
2022-09-23,153.42203190807447,153.6313101935942,150.5921724030138,151.85696411132812,326800.0
2022-09-26,151.45658497382848,153.67679791392308,150.85603284065908,151.920654296875,438700.0
2022-09-27,153.66772480721204,154.54124268067838,151.22003092430634,152.02076721191406,432900.0
2022-09-28,149.60944771172467,154.23185542844115,148.77232072300959,153.64950561523438,452600.0
2022-09-29,153.73138921813626,154.8869945726495,152.37561370591712,154.63221740722656,379500.0
2022-09-30,154.14087495416535,156.2064030374818,153.79511382529384,154.51394653320312,388600.0
2022-10-03,153.33103391307998,155.83332076256335,152.84877610374298,155.14178466796875,532200.0
2022-10-04,159.22735116459594,160.35564623455187,159.01805898251638,160.25555419921875,357800.0
2022-10-05,157.78965079162248,159.2182217766763,155.91521282069976,157.9443359375,319600.0
2022-10-06,155.13268625529383,155.6786314044055,153.0944549327247,153.41293334960938,320700.0
2022-10-07,153.7951093606797,154.25007062406,151.44750757551952,152.23004150390625,351900.0
2022-10-10,148.3173765672181,149.96433417141253,148.3173765672181,149.29100036621094,319700.0
2022-10-11,148.77231704969194,152.05713757172745,147.98068897993107,149.20907592773438,571300.0
2022-10-12,149.80963945741064,151.97525944479406,149.4820668028847,151.3201141357422,415900.0
2022-10-13,147.0162106659198,152.88520903907994,146.4793457450763,152.08447265625,436000.0
2022-10-14,153.85879401969797,154.11357121197798,150.42839615067226,150.5466766357422,308400.0
2022-10-17,152.9033580832914,154.67771791827894,152.9033580832914,153.28553771972656,293400.0
2022-10-18,154.40474715476685,154.677726674396,152.74868158418113,153.72230529785156,275300.0
2022-10-19,152.77599881916527,153.2582566858924,150.89246625907035,151.62950134277344,229400.0
2022-10-20,149.40016266960117,150.7832486199482,148.47203792410255,148.87240600585938,259400.0
2022-10-21,146.1608714276224,149.7550629145287,145.6695054492566,149.41839599609375,380600.0
2022-10-24,150.60124371953816,151.72045821097515,149.65493058105815,150.89242553710938,298100.0
2022-10-25,151.33831424199477,154.2500634146752,151.3292061311907,153.74960327148438,448100.0
2022-10-26,149.709545750763,153.68590257797473,149.709545750763,152.67588806152344,432500.0
2022-10-27,151.556690946845,152.06624533062748,149.86423452395854,150.25550842285156,435200.0
2022-10-28,150.29189165077577,152.94886357844214,150.13720649807738,152.87606811523438,309000.0
2022-10-31,152.63040801973463,153.1672589725985,151.9297637939453,151.9297637939453,309000.0
2022-11-01,155.6877345106638,155.96070013428803,152.23002647350654,152.5030059814453,376700.0
2022-11-02,152.83059938072174,154.63224216302152,150.40109392582863,150.41929626464844,408500.0
2022-11-03,147.49844146695085,149.37287957847238,147.42564600149274,148.29916381835938,418700.0
2022-11-04,153.48571766384347,155.54215135999013,152.50301360106755,155.1053924560547,354600.0
2022-11-07,154.82329851348342,155.269165510032,153.24913657072847,154.17726135253906,324300.0
2022-11-08,154.07717495277092,155.53304258780307,153.18545481143616,154.27735900878906,304400.0
2022-11-09,151.9479785896425,153.23095889188656,151.4293160478901,151.88427734375,331300.0
2022-11-10,158.58127984312011,160.91978715053017,157.58946772757204,160.7104949951172,370600.0
2022-11-11,156.297395267336,158.62679469882386,155.89702713673978,158.24462890625,404100.0
2022-11-14,158.88156154861565,159.846077136259,157.5166778564453,157.5166778564453,284000.0
2022-11-15,159.96436910307276,160.2282405038412,156.54305181331983,158.0171356201172,328700.0
2022-11-16,159.54580146324216,160.3738342374983,158.863359615423,159.7095947265625,275900.0
2022-11-17,158.5267079146756,159.84609283650192,157.96256037614816,159.72779846191406,232100.0
2022-11-18,160.90159111167134,161.89340326603676,160.33744362649375,161.62953186035156,359500.0
2022-11-21,160.8652048234882,162.55766135677032,160.56494259399315,162.248291015625,258900.0
2022-11-22,163.1673090818607,164.04992113176175,163.07631127829214,163.9498291015625,401600.0
2022-11-23,165.54219960174564,167.00717543381046,165.3147189687189,166.52491760253906,338000.0
2022-11-25,167.5167389031767,167.87160812513318,166.78879812153596,167.5258331298828,223900.0
2022-11-28,167.6350282258092,168.70874405930962,165.78788655204474,166.30654907226562,260100.0
2022-11-29,166.77968187730409,167.2346431081034,165.86975941570552,166.01535034179688,239800.0
2022-11-30,168.8907337698257,169.90984263539548,166.5613341431994,169.74606323242188,708300.0
2022-12-01,173.74969013449314,174.6414102534476,172.66688019074817,173.1127471923828,572400.0
2022-12-02,171.51130044156534,174.17736675522846,171.3839118443991,174.1500701904297,304500.0
2022-12-05,171.8934558738963,172.57589772136993,171.0381265369056,171.4930877685547,331600.0
2022-12-06,171.88435362600387,172.6304967358293,170.99263346916467,171.87525939941406,314900.0
2022-12-07,172.412125457473,173.03997425510946,170.6286849874066,171.602294921875,253400.0
2022-12-08,168.48125805465585,170.4375859296031,166.9525809928713,170.33749389648438,374500.0
2022-12-09,168.772414941201,169.94622269641073,168.4448422983884,168.4994354248047,368400.0
2022-12-12,169.31837485230483,169.6186509334669,168.2446591180602,169.5913543701172,336200.0
2022-12-13,171.51129649919167,172.65779384733423,170.61046822859115,170.79244995117188,454400.0
2022-12-14,170.40117286109748,173.32201600917364,170.34657973822712,171.83885192871094,287300.0
2022-12-15,167.13455532811102,167.57132811748156,165.16002520239576,166.08815002441406,532900.0
2022-12-16,162.08449400509383,163.42208114658234,162.02990087839063,162.7487335205078,525500.0
2022-12-19,163.49488144623172,164.53220650962695,162.88523498771607,163.62228393554688,280100.0
2022-12-20,163.4129824956638,163.704164367357,162.02080214688078,162.3665771484375,503600.0
2022-12-21,163.64045639704074,165.24192885686554,163.54036436830168,164.44119262695312,371200.0
2022-12-22,163.0217301348765,163.34930281376418,161.51125534421018,163.34019470214844,218700.0
2022-12-23,163.05809095541068,164.05901114700177,162.1481685573511,163.8952178955078,161800.0
2022-12-27,164.68688038190467,164.86886210737157,163.14000100464696,163.44027709960938,148500.0
2022-12-28,163.60405956466482,164.28650140332363,162.01169527446098,162.1390838623047,181100.0
2022-12-29,162.87615021323018,163.84977408847436,162.58496830815315,163.2674102783203,226000.0
2022-12-30,162.07538262622546,162.7942291381623,160.99257268739646,162.1390838623047,152900.0
2023-01-03,161.69322496570592,162.43025996690247,158.89066200838315,160.10086059570312,266000.0
2023-01-04,161.87521622967253,163.92254196892293,161.05629148769887,163.5676727294922,547800.0
2023-01-05,160.43753544614108,161.74781213089824,160.24644561968685,161.3656463623047,524000.0
2023-01-06,160.06448278638547,163.1491197465012,159.6368180672981,162.8033447265625,416600.0
2023-01-09,162.03898784828002,164.2227961245025,162.00258317589814,162.33926391601562,335500.0
2023-01-10,162.65773735647792,163.4675678074591,162.33016470864763,163.05810546875,359200.0
2023-01-11,164.805163942129,165.7423830358706,164.0772370266793,165.67869567871094,495800.0
2023-01-12,164.41390569868818,164.81427383710812,161.7569335524567,164.3411102294922,964600.0
2023-01-13,165.3875255706519,166.71601866605604,165.3875255706519,166.70692443847656,247600.0
2023-01-17,170.1009166353239,171.32930369608292,170.01902694146978,170.828857421875,354000.0
2023-01-18,170.25559592351513,170.428483416343,166.5249081988234,166.90707397460938,306500.0
2023-01-19,168.69962182103657,169.20919007140103,167.97169494628906,167.97169494628906,389300.0
2023-01-20,167.38935295729672,169.24558878976293,166.88889279422727,169.20919799804688,450600.0
2023-01-23,169.391168452554,169.42755924184831,168.4266528666339,169.00900268554688,302200.0
2023-01-24,167.6077174085772,168.20826957535348,166.99807101538858,167.69871520996094,197500.0
2023-01-25,166.87977945592894,168.34475522321839,166.75239086243923,167.75331115722656,338000.0
2023-01-26,160.7287065702107,161.09267000906974,157.78966084269422,158.3902130126953,821100.0
2023-01-27,155.05078258072962,157.40749231865547,154.8870032013968,156.69775390625,592700.0
2023-01-30,155.7696324339995,156.5248697626933,155.2600780638724,155.66954040527344,429800.0
2023-01-31,159.23643762464363,160.9197998046875,158.70868090811268,160.9197998046875,471200.0
2023-02-01,162.0298959743364,162.51215375803852,159.6913886330172,161.83880615234375,442400.0
2023-02-02,159.6367971629075,160.9925727301079,159.06354157530131,160.51031494140625,376300.0
2023-02-03,160.109970882028,160.48302855884614,158.71777666891123,159.31832885742188,335400.0
2023-02-06,158.75418230564597,159.409327627203,158.00803917886103,158.7723846435547,558400.0
2023-02-07,155.32378179465826,157.4894019803474,154.90522518262958,157.34381103515625,469600.0
2023-02-08,156.91614874520906,157.34381347564346,156.12452053046823,156.84335327148438,353300.0
2023-02-09,158.5812793068064,158.5812793068064,156.81602757871724,156.85243225097656,559900.0
2023-02-10,155.4693743966868,156.03352195991877,154.84152558763608,155.72415161132812,391300.0
2023-02-13,157.3255751987071,158.73595767577964,157.15270160795657,158.65406799316406,251600.0
2023-02-14,158.8906677476153,159.74599714731661,157.56218862901557,158.5540008544922,254100.0
2023-02-15,157.56219301740282,158.97257575506538,156.8433464234557,158.90887451171875,520100.0
2023-02-16,159.16365715802365,159.74600705798744,158.28103113840902,158.73599243164062,764600.0
2023-02-17,157.2255176058757,159.099969796816,157.19822103902715,158.73599243164062,356000.0
2023-02-21,159.60040303791874,160.86519477412187,159.21823724902814,159.87338256835938,542800.0
2023-02-22,160.81060043656785,161.2746698001246,159.71869620732554,160.1190643310547,356300.0
2023-02-23,160.0462772963139,160.46484777980487,159.01806036841367,160.2737579345703,728500.0
2023-02-24,158.7996694690778,159.8733712929527,158.54489229445275,159.66409301757812,397600.0
2023-02-27,159.96437072753906,160.63770445979998,159.48211293604388,159.96437072753906,410200.0
2023-02-28,158.27194161242133,158.6996063515083,157.41661213424737,157.4530029296875,494300.0
2023-03-01,157.18910922204532,157.8624568590345,156.1790947087192,157.32559204101562,791200.0
2023-03-02,158.20600147646877,161.74964016834977,158.20600147646877,161.5109405517578,601300.0
2023-03-03,160.21650101801916,160.89584231550143,159.40862054729172,160.80404663085938,579300.0
2023-03-06,158.0591162129811,160.15224855807597,157.96732051852243,159.77584838867188,725300.0
2023-03-07,158.7476223678652,159.2525476378523,156.0669447623421,156.18629455566406,603600.0
2023-03-08,156.223028086014,156.96663902041718,155.82827719814796,156.43417358398438,290100.0
2023-03-09,157.30632167266364,157.91221805069011,155.69056064274469,155.92926025390625,442300.0
2023-03-10,158.27946159573813,158.6558617901151,155.43352872301708,155.5712432861328,495300.0
2023-03-13,156.68204824210255,158.12337926661095,156.64533276747636,156.9482879638672,489000.0
2023-03-14,157.7469720327364,158.7109177946807,156.92991617909067,158.59156799316406,467200.0
2023-03-15,154.89187704648862,156.4433685618315,154.35023622402983,155.97515869140625,486000.0
2023-03-16,158.24272325018913,160.3175048828125,157.82960760035863,160.3175048828125,446800.0
2023-03-17,157.5725507409799,158.23354135672358,157.10435489157538,157.77452087402344,335300.0
2023-03-20,160.80404586252888,161.35486199232653,160.1522306661805,161.06109619140625,329900.0
2023-03-21,161.06111949963034,162.27292636710766,160.6112743548987,162.22703552246094,420600.0
2023-03-22,163.38375052029915,165.36672235281245,163.2368606049589,163.27359008789062,372800.0
2023-03-23,163.37455852764856,164.22832980831612,162.0342127009091,162.6033935546875,379800.0
2023-03-24,164.36607119381526,164.97198167740805,163.3562343960227,164.46705627441406,336700.0
2023-03-27,164.10900761110057,164.6047576062442,163.80605239366704,164.0172119140625,229400.0
2023-03-28,162.16276069553115,163.622442514706,162.01587077445603,162.36473083496094,292500.0
2023-03-29,163.42967865238813,163.74180926080788,162.90638850751205,163.19097900390625,244600.0
2023-03-30,165.06376894403988,165.89000021244303,164.6506533098383,165.82574462890625,341500.0
2023-03-31,166.27559299525583,166.91823294648114,165.95428702783812,166.33067321777344,364600.0
2023-04-03,165.97261978209917,166.78967568004722,165.50442393322786,166.75296020507812,273200.0
2023-04-04,167.53330791124034,168.61658957233973,167.47821368410146,167.98313903808594,333200.0
2023-04-05,169.8008631337777,170.44348900795606,169.4428277175788,169.8192138671875,437800.0
2023-04-06,170.5260956902894,170.71889044121545,169.93855007973264,170.16806030273438,406500.0
2023-04-10,169.45199345483613,169.61723409529466,168.5614926482958,169.552978515625,242500.0
2023-04-11,169.21330778897035,169.75494856561292,168.73592259197036,168.8828125,262300.0
2023-04-12,170.27822474475923,171.1320100787302,169.9477294555112,170.22314453125,372900.0
2023-04-13,170.9851331744096,172.61006963747542,170.81989252131498,172.52743530273438,360800.0
2023-04-14,170.7556377269064,171.51761349021953,169.92021699756603,170.4526824951172,232400.0
2023-04-17,170.46183256710293,170.64545195902022,169.73658639852383,170.31495666503906,329400.0
2023-04-18,168.96542515814912,169.49789054446643,168.6716453554118,168.92869567871094,318700.0
2023-04-19,170.68217264066303,170.90250751277136,170.1405318392808,170.4618377685547,296900.0
2023-04-20,171.0218474228879,171.76547238105863,170.7739864450246,171.5726776123047,207100.0
2023-04-21,173.27105390863238,173.9228551384038,172.132678087928,173.43629455566406,345500.0
2023-04-24,173.5923453804948,173.96874550053593,172.82119440884375,173.3720245361328,389400.0
2023-04-25,172.90382955143204,174.44614563517487,172.71104879608495,173.5005645751953,256700.0
2023-04-26,173.638259675288,173.80351432574477,171.80217782865995,171.91233825683594,250700.0
2023-04-27,172.15103569863146,174.0054682545214,172.15103569863146,173.73924255371094,209500.0
2023-04-28,169.19493881672383,170.31494982310036,168.59820383335048,170.2965850830078,419000.0
2023-05-01,170.37921419952704,171.53595474582278,169.67233276367188,169.67233276367188,254100.0
2023-05-02,167.85459362744814,169.59887973024084,167.44147802695775,169.36936950683594,404900.0
2023-05-03,170.92085867572177,171.51759370277642,170.3425023982973,170.52610778808594,264500.0
2023-05-04,171.9307210669756,172.6835214271426,171.26973041206602,171.68284606933594,405400.0
2023-05-05,171.4625016299403,172.80283349008656,171.08610150157622,172.37135314941406,220400.0
2023-05-08,172.1326819788412,172.69268753120676,171.60021653493675,171.958251953125,122400.0
2023-05-09,171.01267845037972,171.09529877942342,170.1680824010358,170.1864471435547,346100.0
2023-05-10,169.61723312626572,169.77329839964918,167.6067353045429,168.2769012451172,603000.0
2023-05-11,167.96477587383305,168.70838679094635,167.04673493750693,167.9464111328125,462400.0
2023-05-12,163.99884152516222,164.4486866522023,163.00735557720444,163.61326599121094,459800.0
2023-05-15,164.32933488275103,164.55884512700067,163.7050737423249,164.4486846923828,254900.0
2023-05-16,165.52280713576627,165.68804780384679,164.16411027927825,164.191650390625,444700.0
2023-05-17,163.8978434558686,163.8978434558686,162.23619164081072,162.64930725097656,251600.0
2023-05-18,163.04409785093569,163.71426390240683,162.34637768012666,163.52146911621094,456800.0
2023-05-19,163.54898160855876,164.73326222049582,163.38374096960524,164.15489196777344,244500.0
2023-05-22,163.85194196283075,164.3017870633985,163.0991556812809,163.82440185546875,270700.0
2023-05-23,163.9162106115947,163.9162106115947,162.4014346744111,162.54832458496094,299800.0
2023-05-24,160.25322841716707,160.55618361623746,159.3535521948387,160.10633850097656,287200.0
2023-05-25,158.38043415533772,159.50044527416335,158.0866543171306,159.07814025878906,278600.0
2023-05-26,159.69321606638323,160.54700141070248,159.50043531676434,159.8033905029297,254400.0
2023-05-30,158.0131982605329,158.41713850560268,155.901715356529,156.1312255859375,310600.0
2023-05-31,154.7817177788592,155.42434367545826,153.52399208673603,154.24925231933594,462900.0
2023-06-01,154.8551619918591,155.6630426214456,154.52468065233202,154.8918914794922,362500.0
2023-06-02,155.63547693352126,157.20533307926874,155.55285661221689,157.0859832763672,389200.0
2023-06-05,153.93709924912963,155.04793495846104,153.367918344685,153.40464782714844,348300.0
2023-06-06,154.8551399452508,155.60794024440722,154.33186389063624,155.54367065429688,479600.0
2023-06-07,155.01122563409325,155.44270601690147,153.9462947314946,155.02040100097656,378300.0
2023-06-08,154.5154780908664,156.01188939982944,154.41449302078556,155.78237915039062,397900.0
2023-06-09,155.8099208615746,156.13124081737004,155.15810558286165,155.26828002929688,288400.0
2023-06-12,157.36140351602612,157.41648373203532,155.31416209972878,156.0853271484375,336200.0
2023-06-13,157.15025371977123,157.92141881612562,156.8473125130037,157.8846893310547,434000.0
2023-06-14,158.60074053335725,160.2348522115316,158.4722153679343,158.62828063964844,704300.0
2023-06-15,158.2794514895402,159.9319280840543,158.022401131304,159.64732360839844,379600.0
2023-06-16,160.73061483427705,161.12536572775286,159.15158324398675,159.24339294433594,590500.0
2023-06-20,157.35220405547656,157.6643486065101,156.31482736801127,156.42498779296875,693400.0
2023-06-21,155.64464865746208,156.81056452751318,155.25907315887193,156.70957946777344,442100.0
2023-06-22,157.82958826880295,157.86631774902344,157.18696244686734,157.86631774902344,871100.0
2023-06-23,156.17712154160495,156.65450675670763,155.34171492541674,155.41514587402344,293800.0
2023-06-26,155.66303051210525,155.74565084055982,154.937784282014,155.20401000976562,375800.0
2023-06-27,155.663016205676,156.69121755379638,155.43350597559964,156.67286682128906,320500.0
2023-06-28,155.5161442225972,156.066974441551,155.20401363568075,155.58041381835938,307300.0
2023-06-29,156.58106508083836,156.65451003917718,155.2774485887596,155.4427032470703,615600.0
2023-06-30,159.0046989074107,159.4178145570945,158.5915832577269,159.26174926757812,515600.0
2023-07-03,159.00467256623347,159.95944289570872,158.78435172727126,159.702392578125,216900.0
2023-07-05,158.9220733323106,159.05059850815104,158.06828794350403,158.72927856445312,248900.0
2023-07-06,157.31547898182055,157.416464034599,156.08530761756805,156.82891845703125,317600.0
2023-07-07,155.94763347734474,156.3883032807986,155.42435734701166,155.43353271484375,281400.0
2023-07-10,155.5712247701964,156.2781062122513,155.23154009482903,155.54367065429688,297600.0
2023-07-11,157.64599849604775,157.719443455566,156.89319816713098,157.54501342773438,307600.0
2023-07-12,158.5456664186373,159.53715230783064,157.93975604054256,159.09649658203125,530400.0
2023-07-13,161.53849506341942,162.0617711314712,161.07947457893482,161.38241577148438,413400.0
2023-07-14,163.1450672812743,163.30113256551533,162.3830915936079,162.9798126220703,321600.0
2023-07-17,161.50177645494347,161.96079697033662,161.0978361600864,161.64866638183594,223400.0
2023-07-18,161.63948376148616,162.38309472174507,160.80406309899044,161.08865356445312,286700.0
2023-07-19,164.36603714594935,165.04539245726923,163.8335857493007,164.95358276367188,393300.0
2023-07-20,161.96995862914952,162.19029350083989,161.1804568573605,161.61192321777344,432100.0
2023-07-21,161.99752445706636,163.356221243569,161.7955543121302,163.1542510986328,382400.0
2023-07-24,161.95162479154905,163.23687665667666,161.75883000768255,162.82376098632812,249500.0
2023-07-25,163.9988499835953,164.2283602424174,162.8237585790817,163.78770446777344,404600.0
2023-07-26,161.0243924046813,162.67686907413278,160.98767692677993,162.1260528564453,454900.0
2023-07-27,163.44800067044758,164.17326084821298,161.5017583855553,161.68536376953125,412200.0
2023-07-28,162.47488446188504,163.40211479263908,162.18111864024127,162.53915405273438,297700.0
2023-07-31,161.42831664486081,162.64013741798036,161.22634651600757,161.52012634277344,235500.0
2023-08-01,161.24471724129947,162.3280128824602,160.72144116671865,160.93258666992188,378300.0
2023-08-02,159.2984710846752,159.91355684605483,157.97648986276363,158.83026123046875,388600.0
2023-08-03,156.1036631596385,157.664343843077,156.03940758308542,156.8197479248047,331200.0
2023-08-04,156.74631977132842,157.94895119696238,156.0118841959829,156.1128692626953,231000.0
2023-08-07,156.3423715526926,157.26041247313333,155.94760667264288,157.15023803710938,251500.0
2023-08-08,156.4708895346458,157.1685955591863,155.66300907914157,156.97581481933594,272600.0
2023-08-09,157.27878169727742,158.02239262272118,156.99417723694586,157.46238708496094,191000.0
2023-08-10,159.60142068430102,160.71224236084066,159.08730599855005,159.28927612304688,334600.0
2023-08-11,157.6276333802703,158.94043926523068,157.49910820346662,158.3437042236328,333100.0
2023-08-14,157.04927513025547,159.23420310867084,156.80140014658463,158.986328125,461600.0
2023-08-15,158.10500358699284,158.19681327949652,156.65449729622685,156.8748321533203,278900.0
2023-08-16,156.3332090492205,156.88403929944022,155.18565770142536,155.43353271484375,283700.0
2023-08-17,155.4886122464277,155.55288184555195,153.1017138585507,153.48728942871094,314300.0
2023-08-18,153.23940517977752,154.51548163560395,153.0649751448914,154.2400665283203,285500.0
2023-08-21,154.55221717237706,155.02958843495276,153.64335148521303,154.70828247070312,341400.0
2023-08-22,154.3410410942656,154.37777057710673,153.3220150724202,153.367919921875,263000.0
2023-08-23,153.08333399517625,155.49778626434883,153.05579388632736,155.21319580078125,588900.0
2023-08-24,156.1254895213105,156.77780987987106,154.00082711358448,154.07537841796875,428000.0
2023-08-25,155.63158740484653,155.80864496151653,154.1685590509007,155.4545440673828,200400.0
2023-08-28,155.85524558720925,156.40504543257546,155.09110542039656,155.84593200683594,204100.0
2023-08-29,156.2932119975504,157.8960292731695,156.2373020817599,157.5978240966797,759700.0
2023-08-30,158.7160863948606,159.41498881194158,158.35264348754066,158.99563598632812,259800.0
2023-08-31,155.92047779261978,156.92688476719619,154.33628759437306,154.36424255371094,459700.0
2023-09-01,154.52268763613282,154.5692697599861,151.8016147688226,152.5843963623047,440600.0
2023-09-05,150.01241304877587,150.18015702535368,148.42823705703964,148.45619201660156,688200.0
2023-09-06,150.2919803246005,150.45972430504122,148.63325299609906,148.8755340576172,550900.0
2023-09-07,149.3228491578187,150.09630293946236,148.84758637267927,149.55581665039062,438400.0
2023-09-08,150.23607015159428,150.52494755270504,149.7980901501661,150.3665313720703,265100.0
2023-09-11,150.32926411440064,150.3665326551947,149.24829158168532,149.40670776367188,372300.0
2023-09-12,149.05259449444867,149.2482934388712,148.46552609959485,148.6053009033203,284300.0
2023-09-13,147.51501860815247,148.45620215583267,147.5056908081906,148.0927734375,238900.0
2023-09-14,147.0863574845244,148.93147032357248,147.0863574845244,148.80099487304688,415000.0
2023-09-15,148.87553120672024,149.0712301436191,147.6268289440897,148.0834503173828,678000.0
2023-09-18,147.52432950131717,147.6641185253337,146.58314597078342,147.0863494873047,386000.0
2023-09-19,148.1020647844425,148.44686628950257,147.23543267052432,147.99957275390625,422100.0
2023-09-20,149.46263173749344,149.67695786042617,148.51212033699687,148.53076171875,255500.0
2023-09-21,146.15446967342533,146.51789836060934,144.8498575192278,144.89645385742188,376500.0
2023-09-22,146.04266261633273,146.40609133531794,144.90578011710568,144.98033142089844,314200.0
2023-09-25,142.4642829950151,143.3402430260941,142.1381228237131,142.48291015625,338500.0
2023-09-26,141.64422128962246,141.73741396499537,140.33960914963725,140.3489227294922,434000.0
2023-09-27,139.36114857117516,139.51956475035115,137.77697256020892,138.5038299560547,665500.0
2023-09-28,139.66867219263926,140.386201813929,138.74611582628637,139.5847930908203,760300.0
2023-09-29,140.97329007643626,141.16898902957539,138.3547376958295,139.016357421875,646500.0
2023-10-02,138.24290361363362,138.48518466567157,136.89168090026655,137.18057250976562,544100.0
2023-10-03,137.73970135891267,138.0006238193567,136.61214663039553,136.96624755859375,349100.0
2023-10-04,139.25864475079348,139.827085977419,137.7303786328635,139.69662475585938,710300.0
2023-10-05,140.0320923792384,140.4421174059921,139.22135590571872,140.1066436767578,639400.0
2023-10-06,139.37047891198972,142.13813402870247,137.76766132860024,141.34603881835938,926700.0
2023-10-09,140.65644682034807,141.31806649524415,139.97618576583045,141.271484375,364200.0
2023-10-10,142.67860969962766,143.28431948405674,141.21556704176865,142.11016845703125,746100.0
2023-10-11,143.806173416669,144.11367797851562,142.79042439347867,144.11367797851562,798900.0
2023-10-12,143.8807008799606,143.8807008799606,140.70303545990106,140.99191284179688,691600.0
2023-10-13,139.82709866395064,140.88942991280928,139.11886835190623,139.78050231933594,452100.0
2023-10-16,140.23711228268667,143.19113828393156,140.1439196010749,142.9395294189453,1255700.0
2023-10-17,142.75317093251755,143.4334320671386,142.20337103219654,143.02340698242188,444800.0
2023-10-18,142.65996286998427,143.5918327914853,141.8305992086166,141.93310546875,389500.0
2023-10-19,143.17250559620842,144.16028551675402,142.48291668035222,142.976806640625,540500.0
2023-10-20,141.88652327918038,142.70657344203102,141.513780961089,141.6162872314453,487200.0
2023-10-23,141.14103888405833,142.7904385745982,140.83352007246413,141.96107482910156,414000.0
2023-10-24,142.31517416501828,144.0111700116675,142.22198148609195,143.638427734375,476300.0
2023-10-25,143.61045778825488,144.57959613960605,142.8090491784202,143.45204162597656,292800.0
2023-10-26,142.24061813392203,143.2283979331733,142.09151554028253,142.34312438964844,668200.0
2023-10-27,139.48228847022975,140.33962134438144,137.42286382607136,137.90744018554688,896000.0
2023-10-30,141.08510213508004,142.49223483386885,140.7869111505782,141.877197265625,572100.0
2023-10-31,142.64132549275163,143.43340633777106,142.11946642995548,143.04202270507812,423500.0
2023-11-01,143.73163850599957,144.1136944115947,142.9022747482994,143.8993682861328,416300.0
2023-11-02,146.72291211471298,147.2913533193956,145.92150343629496,147.049072265625,469600.0
2023-11-03,149.1457886035988,149.6117235794181,148.34437987642133,148.7357635498047,442600.0
2023-11-06,148.7078156004708,148.97805164273674,148.18597067802096,148.29779052734375,580800.0
2023-11-07,148.16732046807226,148.5307491759238,147.50568655418522,147.70138549804688,362600.0
2023-11-08,149.39739018615566,150.0217413170005,148.38164118180796,148.82894897460938,696900.0
2023-11-09,150.38517375948314,150.6274548222172,148.94077252504525,149.06192016601562,413300.0
2023-11-10,129.52993174336925,132.893983057415,126.3895343512485,131.58937072753906,3155000.0
2023-11-13,131.2166242041921,133.59289576135063,130.99298448440902,132.84739685058594,1429500.0
2023-11-14,135.64298783079002,136.15551914782617,134.78566918193278,135.5404815673828,903200.0
2023-11-15,135.15841036435077,135.6336731358829,132.88465964608278,133.3878631591797,935100.0
2023-11-16,131.5427518387735,132.13914797581958,129.94924813397554,130.16357421875,735500.0
2023-11-17,132.06461789501114,132.13916920151786,130.8345426664618,131.4589080810547,1030600.0
2023-11-20,131.6545773551647,132.22301855870464,131.11409111088028,131.43092346191406,1002200.0
2023-11-21,132.0646106894677,132.23234045555054,131.30979830368094,131.86891174316406,951100.0
2023-11-22,133.01513217145592,133.07104209774982,132.1671270381103,132.81011962890625,702500.0
2023-11-24,132.93123635535784,133.58355666468805,132.81010293668174,133.21080017089844,522300.0
2023-11-27,133.36922021451423,133.49968143632066,131.93414677464338,132.1671142578125,2549100.0
2023-11-28,131.03953866872118,132.06460122982668,130.87180891465266,131.1140899658203,548600.0
2023-11-29,130.46178350245077,130.82521218772507,129.45536232341286,129.4646759033203,596700.0
2023-11-30,130.5083893428586,131.31911164922178,129.56719159305518,130.9929656982422,714200.0
2023-12-01,131.39366164580224,133.90970764198687,131.16069416061467,133.78857421875,736400.0
2023-12-04,131.99006364436494,133.2387660072818,131.85960241569015,132.2602996826172,637200.0
2023-12-05,131.9341391520768,132.6144001822503,131.11408910855417,131.1420440673828,887300.0
2023-12-06,130.81591817258942,131.25389822024536,129.8747203505505,130.07041931152344,803700.0
2023-12-07,130.0797132547051,131.00226955565694,129.1571711729592,130.95567321777344,871400.0
2023-12-08,131.9248403183675,133.00579869204847,131.70118640353306,132.28826904296875,656200.0
2023-12-11,131.49616239604597,132.7448646516992,131.39365613809198,132.52122497558594,967700.0
2023-12-12,132.54919218350423,132.54919218350423,131.43093682277888,132.2323455810547,609100.0
2023-12-13,132.30688933569155,134.38496952771865,131.35639224021,134.34768676757812,540500.0
2023-12-14,136.21142235378545,136.9755625013639,135.42865504592925,135.79208374023438,1105400.0
2023-12-15,134.6086134153082,134.88817724826524,133.05239228220304,133.1176300048828,1229200.0
2023-12-18,134.53404894786587,135.2049963936282,133.5555969570678,135.02793884277344,963800.0
2023-12-19,134.95340423896894,135.97845258601956,134.8229288039853,135.6895751953125,687100.0
2023-12-20,135.81072575128835,135.94118696987107,133.3692169189453,133.3692169189453,548000.0
2023-12-21,134.850907199439,135.41934843972427,133.84448594356311,135.35411071777344,665200.0
2023-12-22,135.6429872670687,136.14620500141538,134.8881748847556,135.38206481933594,329900.0
2023-12-26,135.21433293337662,136.37917034934574,134.86021780877587,135.83868408203125,361800.0
2023-12-27,135.53114325443806,136.40710312384937,135.53114325443806,136.0623016357422,423300.0
2023-12-28,135.46593512146708,136.08097272395972,135.45662154053508,135.5591278076172,465500.0
2023-12-29,135.68957919741317,136.39779521549335,135.5591179777877,135.73617553710938,347400.0
2024-01-02,132.37213044438974,134.92544503030277,132.1298351548952,134.23587036132812,969700.0
2024-01-03,131.92483163285772,133.47172489619558,131.61731285240924,133.3133087158203,872000.0
2024-01-04,133.20147913521785,134.26381019944645,132.64235153543206,132.74485778808594,916200.0
2024-01-05,131.84095678215024,133.4158192755607,131.1979642404187,131.86891174316406,681000.0
2024-01-08,132.5584980624539,133.4158166951119,132.15780081620142,133.2574005126953,937800.0
2024-01-09,132.03664223750144,132.32551961793249,130.93702841288666,131.06748962402344,527200.0
2024-01-10,133.07102566051432,133.8817479300497,132.33484047069174,133.02442932128906,1208200.0
2024-01-11,133.7140174851587,134.39427853289348,132.21370637273128,134.14266967773438,1394300.0
2024-01-12,132.9498888489602,134.45951367218964,132.8473825819997,133.37855529785156,786300.0
2024-01-16,131.8316373770475,132.55849476970693,131.61731127900856,132.09255981445312,868600.0
2024-01-17,130.08904123726902,130.62951325602077,129.13852997608777,129.4646759033203,861600.0
2024-01-18,129.40876209502323,130.34995974800162,129.23170454766273,130.19154357910156,658600.0
2024-01-19,128.94285428732667,129.3808343484278,127.90847796290612,129.0267333984375,684200.0
2024-01-22,129.23173021926823,129.51129407488773,127.75006026945586,128.33714294433594,860000.0
2024-01-23,127.97369176423165,129.5858226681683,127.15364172329005,128.9614715576172,1004600.0
2024-01-24,128.95214529721574,129.32488752324133,128.122781757985,128.13209533691406,879100.0
2024-01-25,129.39946293659528,131.9248367792254,128.6166955844853,131.30979919433594,1391400.0
2024-01-26,135.7920882842917,136.09960706964145,134.5154310214331,134.69247436523438,1063600.0
2024-01-29,134.56202457163914,134.6924858050613,133.51833470426186,134.67385864257812,1554400.0
2024-01-30,135.6150338831897,136.9848838593195,134.2731388682702,134.76702880859375,1380300.0
2024-01-31,135.49387376503114,136.48166777394997,134.37563276194481,134.4967803955078,821800.0
2024-02-01,135.26090339363714,139.02566556024016,134.8881611403443,138.83929443359375,982800.0
2024-02-02,141.3833177713877,141.3833177713877,137.94471519062694,138.9324951171875,1032200.0
2024-02-05,139.2493230733295,139.8177643249467,138.41064578631727,139.28660583496094,827900.0
2024-02-06,138.90452479357506,140.18118200435788,138.55973748128042,139.677978515625,597600.0
2024-02-07,139.45432213653095,139.6034247302421,138.21494770652404,138.4851837158203,459500.0
2024-02-08,138.24291492107358,138.6063436384598,137.43217838289874,137.66514587402344,547500.0
2024-02-09,136.79851038255634,137.0873877896154,136.33257541137542,136.50030517578125,418700.0
2024-02-12,135.5032138785047,137.27376110936393,135.45661753680693,136.81715393066406,412400.0
2024-02-13,134.8975011511797,135.39139113220583,133.18286369934526,133.84449768066406,586800.0
2024-02-14,133.84449227395712,135.44730980698878,133.59288339328614,135.28887939453125,653100.0
2024-02-15,135.83868718779215,139.03499430507122,135.83868718779215,137.7490234375,1269800.0
2024-02-16,137.98199349470872,137.98199349470872,136.54690577595198,136.89169311523438,639800.0
2024-02-20,138.87657493759988,140.92668594577023,138.70884517492726,140.04141235351562,1403200.0
2024-02-21,140.22777852238897,141.01056004471647,140.03209380621178,140.7682647705078,787400.0
2024-02-22,140.5259973554245,141.4951358887082,139.87369120617512,141.38331604003906,909200.0
2024-02-23,141.23419819049596,142.31517067502455,141.18760185217548,141.91445922851562,1274200.0
2024-02-26,142.53881759514147,142.54813117466753,141.4764865417463,142.35243225097656,668000.0
2024-02-27,143.25635385157244,144.1695965793266,142.75315036867624,144.1509552001953,804700.0
2024-02-28,142.76247683003203,142.91157943812365,141.84924823908375,142.74383544921875,778300.0
2024-02-29,141.63246334313482,142.50835873670536,141.4911801572355,142.0280303955078,1352700.0
2024-03-01,141.80199988124596,142.77208416092125,141.0391194643356,141.9432830810547,935600.0
2024-03-04,141.11446768013525,141.71723863443108,140.85075628583039,141.48178100585938,611800.0
2024-03-05,141.74548591577053,141.8679284758083,140.15379012004982,140.3704071044922,827400.0
2024-03-06,140.0784403591308,140.2668035769828,138.47733145060042,138.81639099121094,616400.0
2024-03-07,138.42082985816313,139.92776440798443,138.29838729427217,139.61695861816406,686900.0
2024-03-08,140.02192687545596,140.9825979281917,139.91832495436495,140.48342895507812,545300.0
2024-03-11,139.3626594364247,141.68898190779493,139.3626594364247,141.623046875,829300.0
2024-03-12,141.60422659695297,141.83968423055535,140.70947609230913,140.87901306152344,482000.0
2024-03-13,141.00143843358373,141.87733382558966,140.85074211737034,141.64187622070312,259100.0
2024-03-14,142.93218350202218,142.93218350202218,139.25905050619858,139.5792694091797,1317000.0
2024-03-15,139.2873082021416,140.17263114694703,139.0235968191603,140.0596160888672,624200.0
2024-03-18,139.03301880545405,139.2873170735228,137.40365600585938,137.40365600585938,480000.0
2024-03-19,136.28285655116503,137.60142773915678,136.14158773907624,137.3094482421875,663700.0
2024-03-20,136.68787564475835,137.8180694580078,136.15102532002828,137.8180694580078,514300.0
2024-03-21,138.373730989466,139.15545200445715,137.70503940333606,137.74270629882812,693500.0
2024-03-22,139.12719847456944,139.28730793026753,138.0723529447032,138.1288604736328,519100.0
2024-03-25,138.53384719951424,138.90116052603952,136.9704050933018,137.234130859375,726500.0
2024-03-26,138.81639777979734,139.63578572168007,138.09118426584988,138.92941284179688,730300.0
2024-03-27,139.24022328618724,140.747157895436,139.1083675857175,140.7283172607422,506000.0
2024-03-28,140.4080942908336,140.67180568419263,139.47567691140432,140.08787536621094,360000.0
2024-04-01,139.607529348859,139.8524144735419,138.7787282910194,139.2213897705078,431500.0
2024-04-02,139.2025543918423,140.55879264647916,138.95766925791474,140.40809631347656,413800.0
2024-04-03,138.90116828390586,139.66404874535934,138.25130289194357,139.05186462402344,447700.0
2024-04-04,139.6923007312555,139.74880825946713,137.0739988308483,137.27178955078125,576400.0
2024-04-05,137.05517300942088,137.0834267736175,135.85904429739213,136.03799438476562,534500.0
2024-04-08,135.58592280256173,135.8873010844273,134.95488373162007,134.97372436523438,525800.0
2024-04-09,135.76486131236604,135.76486131236604,134.72885638137438,135.52940368652344,594900.0
2024-04-10,134.21083941245405,134.45571015634934,133.2407551965717,134.02247619628906,343800.0
2024-04-11,134.37095696981484,134.56874769999348,132.60973851709,132.6756591796875,1393400.0
2024-04-12,132.08231135699745,132.3365952386999,128.90833287496048,129.0213623046875,1003900.0
2024-04-15,131.50779195552147,131.58314011699457,128.9177581860519,129.39808654785156,1503400.0
2024-04-16,129.74656551248992,129.77481927801358,128.09836212470896,128.11720275878906,1736300.0
2024-04-17,132.2895150131694,132.35543567348464,130.62247104632627,132.1859130859375,1048400.0
2024-04-18,133.11832093442507,133.5044748929018,131.9975403272913,132.60031127929688,826300.0
2024-04-19,131.63964903268038,132.86403151993576,131.52661960368332,132.57205200195312,692900.0
2024-04-22,132.90169070128056,134.02247119676258,132.60029806970581,133.84352111816406,953200.0
2024-04-23,132.53437882667717,133.12773659442172,131.81859287584268,132.30833435058594,799900.0
2024-04-24,132.51555065521765,132.59089882100002,131.84685903708785,132.21417236328125,457700.0
2024-04-25,129.7748162671854,130.4058553390882,129.1437915664753,130.2645721435547,623100.0
2024-04-26,130.886199498986,131.32886103023273,130.16098591378687,130.5753936767578,610800.0
2024-04-29,131.31001026747936,131.43245283469446,130.8673487703714,131.14048767089844,498300.0
2024-04-30,132.0069672880986,132.06347481911826,130.08562500627227,130.12330627441406,1264300.0
2024-05-01,129.52995550332008,130.12331335369376,129.02137332528108,129.077880859375,599300.0
2024-05-02,129.06844055392529,129.20972374634,128.13603759147327,128.62579345703125,514000.0
2024-05-03,130.3775934574511,130.93328439263198,129.06844959471798,129.4451904296875,683500.0
2024-05-06,130.0950470519277,130.3870121974111,128.71055511524813,129.1720428466797,456500.0
2024-05-07,130.52829703186597,131.00863982669765,129.972620437055,130.95211791992188,569300.0
2024-05-08,132.1576718043019,132.76044279116968,131.80918472277327,132.71334838867188,729600.0
2024-05-09,133.6269176508153,134.65350945988172,133.41971378846515,134.53106689453125,566200.0
2024-05-10,134.30504046558454,134.80420950102277,133.88120522653506,134.62525939941406,469000.0
2024-05-13,133.82469019464432,134.68175938527324,133.82469019464432,134.2767791748047,641700.0
2024-05-14,135.5482573149667,135.87790377122533,134.1449245567837,135.2845458984375,511000.0
2024-05-15,134.70060058539505,134.98315260638537,133.53272560519167,133.66458129882812,330500.0
2024-05-16,134.50281837028572,134.78537040915512,133.87179362715386,134.63467407226562,322400.0
2024-05-17,133.81529038891273,134.3992207491108,133.7116884503749,134.11666870117188,238000.0
2024-05-20,133.58923788784622,133.8812030504861,132.24242713858658,132.37428283691406,412200.0
2024-05-21,132.42137681181498,132.4590437092761,131.19699426202627,131.6019744873047,570400.0
2024-05-22,130.67897660860433,131.667901467989,130.67897660860433,130.94268798828125,402000.0
2024-05-23,130.74492551629234,130.76375178027294,128.8047424867505,128.92718505859375,433300.0
2024-05-24,129.45460814430018,129.60530448362292,128.73882208930803,128.85183715820312,367800.0
2024-05-28,127.38258547847798,127.38258547847798,126.01693401671832,126.23355102539062,537200.0
2024-05-29,124.80196357754556,125.1127693899908,123.78478483805044,123.7942123413086,525700.0
2024-05-30,124.49114783341838,125.45181896149992,124.41581404052711,124.63243103027344,738300.0
2024-05-31,124.97149271173402,127.23188018798828,124.88673141489292,127.23188018798828,638800.0
2024-06-03,127.10002334372813,127.89115751615417,126.94932701435374,127.88174438476562,546500.0
2024-06-04,126.66679618878901,128.12662204831776,126.46900544942403,127.64629364013672,501400.0
2024-06-05,128.55985177016257,128.7764687418856,127.33546935525601,128.67286682128906,1028200.0
2024-06-06,129.67122003383733,130.92385635904566,129.5582049694013,130.67898559570312,725900.0
2024-06-07,128.25847710308847,128.88008871373196,127.86290999754998,128.1454620361328,562500.0
2024-06-10,125.97923717290524,126.20528165696486,124.89613789223657,125.22578430175781,737400.0
2024-06-11,124.15210677168727,125.21636549310885,123.53049517576034,124.92440032958984,652100.0
2024-06-12,127.11885769464868,127.11885769464868,125.46124126703971,125.61192321777344,429700.0
2024-06-13,124.47231797180211,124.52882550043314,123.4174580763174,123.72826385498047,500300.0
2024-06-14,124.09558459239382,124.3969772580615,122.90888330651225,123.9166488647461,400300.0
2024-06-17,123.00307856996623,124.1991930502968,123.00307856996623,124.10501861572266,460800.0
2024-06-18,123.41746368948091,123.83187141321274,121.59973770361273,121.86344909667969,1160400.0
2024-06-20,124.1991824965289,124.1991824965289,123.24793887235545,123.78477478027344,1023200.0
2024-06-21,122.40971057293385,123.76594878499272,122.40971057293385,122.7393569946289,658800.0
2024-06-24,123.35154080141932,124.2556900267105,123.24793887235545,123.78477478027344,618200.0
2024-06-25,123.18199985801783,123.60583506306564,122.35319882348941,122.79586029052734,754100.0
2024-06-26,121.42079216151238,122.13657820222802,121.15708075855433,121.27009582519531,511600.0
2024-06-27,120.47895299489409,120.5166270762774,118.92493126941436,119.56537628173828,823500.0
2024-06-28,118.85900963232844,119.49945467810781,118.35042747107707,118.7459945678711,681900.0
2024-07-01,119.22632208256942,120.02688377307933,118.3504265971065,118.54821014404297,928400.0
2024-07-02,118.34100829051728,118.91552549234929,117.54045377200282,118.8684310913086,806700.0
2024-07-03,120.62965256146444,120.93103084943577,120.30001332249908,120.89336395263672,399400.0
2024-07-05,122.88062852321458,122.88062852321458,121.38312145245811,122.09890747070312,571400.0
2024-07-08,122.17425941892246,122.29670198852618,120.50721533072266,120.64849853515625,490200.0
2024-07-09,120.40361390668711,120.58256401034592,119.03796248519782,119.30167388916016,1071300.0
2024-07-10,120.39419658738184,121.66565916129295,120.1116445583372,121.63740539550781,486400.0
2024-07-11,123.25735147937431,124.35929142680675,123.07840138709854,123.93547058105469,573500.0
2024-07-12,123.54932001476259,124.59475246088154,123.54932001476259,123.99198150634766,656900.0
2024-07-15,122.48505966428158,122.56040782898778,121.55264229363448,121.70333862304688,531700.0
2024-07-16,120.80860452583946,122.04240020460006,120.62024129654351,122.0235595703125,792500.0
2024-07-17,122.40029967344098,123.75652353903618,122.28727023957988,123.44573211669922,571200.0
2024-07-18,123.80361715707821,123.9731541212027,121.54322969083377,121.55264282226562,460800.0
2024-07-19,121.09114863710414,121.53379572996752,120.47895021793312,121.01580047607422,1223700.0
2024-07-22,123.26678435312586,123.3421325200617,121.59032715958529,122.14600372314453,840300.0
2024-07-23,121.71275717013997,121.71275717013997,120.6296577930801,120.9969711303711,1136800.0
2024-07-24,121.00638062349243,122.24017629956953,120.91220619464589,122.09890747070312,1036700.0
2024-07-25,122.44738497044666,124.02024026875247,121.38312621841561,123.08783721923828,1041300.0
2024-07-26,123.72827779760031,124.99975481984757,123.70945153339677,124.72661590576172,654400.0
2024-07-29,123.37979856822302,124.27453469123485,122.90888330651225,123.9166488647461,756700.0
2024-07-30,116.71163833304566,118.16205822121047,116.14654144838843,118.09613037109375,1757200.0
2024-07-31,118.51994659259863,118.60471507405279,116.6174521455182,117.49335479736328,1121600.0
2024-08-01,116.02410103474321,116.55152381280828,115.11052430445446,115.63794708251953,1433700.0
2024-08-02,116.25956329084383,116.49502092408964,114.88449157495988,116.24072265625,1036300.0
2024-08-05,114.41357683258444,114.6772882333323,112.77478652405682,113.03849792480469,1011600.0
2024-08-06,112.52991493465997,114.62077267626171,112.52991493465997,114.0368423461914,740800.0
2024-08-07,114.84681225577539,116.0523541333407,114.84681225577539,115.05401611328125,993800.0
2024-08-08,114.63961242072878,115.88282842378935,114.50775672234332,115.6944580078125,923800.0
2024-08-09,116.3914235030675,117.38976160734401,115.73213779306093,117.30500030517578,903100.0
2024-08-12,117.96426929335996,118.44460485694063,116.96593126978904,117.25789642333984,1277300.0
2024-08-13,118.36925631647973,120.79917352056782,118.19030622391956,120.46012115478516,1036000.0
2024-08-14,118.73656841886447,120.93102797792432,118.70831465413782,120.6861572265625,1178900.0
2024-08-15,122.28726590089525,123.05014628922382,122.0612357835787,122.76760864257812,675500.0
2024-08-16,121.0063813014333,121.40194839566854,120.86511247177543,121.13823699951172,616700.0
2024-08-19,121.59973220252145,122.38145321488865,121.50554340731868,121.83518981933594,618200.0
2024-08-20,120.30942377492465,121.0063763197316,120.23408279740771,120.95928192138672,1728100.0
2024-08-21,122.66401543664684,123.92606491870627,122.5980804002797,123.662353515625,864800.0
2024-08-22,124.32162313119896,125.16926481316192,123.70001156645674,124.66068267822266,1108200.0
2024-08-23,125.77202912095689,127.21304289831492,125.15043196014203,127.17536163330078,888800.0
2024-08-26,127.53326492124091,128.87066243819007,127.42966299670017,127.76872253417969,819600.0
2024-08-27,127.6839610937602,127.90999120435492,126.29004167952927,126.57259368896484,922100.0
2024-08-28,126.1487825180196,126.31830511394384,124.83963866622933,125.34822082519531,642700.0
2024-08-29,125.9415843842023,126.56319600659705,125.01859445383046,125.76263427734375,684200.0
2024-08-30,125.81926863829818,125.90565967195026,124.55214155468116,125.52167510986328,791900.0
2024-09-03,123.96658154181637,125.06091194264029,123.23703282377168,124.3217544555664,1083400.0
2024-09-04,122.98743893687168,124.58094195598999,122.98743893687168,124.22576904296875,1157900.0
2024-09-05,123.09303568234226,124.00497526078972,123.02584753530587,123.47702026367188,766200.0
2024-09-06,122.69946576167517,123.34263078835176,121.33635343865737,121.36515045166016,1366000.0
2024-09-09,121.82592374386674,124.12017853063993,121.70112692342055,123.55381774902344,699500.0
2024-09-10,123.31382861297212,123.43861078158896,121.55713033201529,122.3538818359375,688700.0
2024-09-11,122.63226543432623,123.88978377736959,121.38434121273251,123.60179901123047,655900.0
2024-09-12,126.11685263689702,128.0559198259464,125.81927374390004,128.0079345703125,764300.0
2024-09-13,128.33431018640724,129.05426478945986,125.64647673884137,126.8176040649414,1714300.0
2024-09-16,127.28797288532316,128.1519125038721,126.3280334658185,127.57594299316406,1429700.0
2024-09-17,128.0175323268141,129.15025390619226,127.72954754726418,128.05592346191406,683300.0
2024-09-18,127.94072525397861,128.50708599871356,126.81759788564356,127.61434936523438,529800.0
2024-09-19,130.4269677785771,131.27171917785833,130.0813889922815,130.41737365722656,779200.0
2024-09-20,128.64148887985246,128.64148887985246,127.44156448845483,127.70075225830078,627900.0
2024-09-23,128.85266961470825,130.34057870721344,128.73748156671246,130.15818786621094,495800.0
2024-09-24,130.38858312015006,131.51171056950176,130.2541921770015,130.84934997558594,646100.0
2024-09-25,130.18698889008,130.282988698044,127.75834315323543,127.84473419189453,550300.0
2024-09-26,134.89069222117163,135.16906820976115,133.97875269612067,134.7178955078125,976100.0
2024-09-27,135.62025541475023,137.01216480157302,135.04428583864404,135.1306915283203,836900.0
2024-09-30,135.00588026506892,135.36105316542768,134.0363467180693,134.7178955078125,542200.0
2024-10-01,135.30346796235807,135.42826478305633,133.37399486375233,134.2859344482422,505800.0
2024-10-02,133.38359663447525,134.02675437089266,132.76923591256048,133.6619873046875,883600.0
2024-10-03,132.3852595589029,132.79802651184417,131.4445083055457,132.09727478027344,362000.0
2024-10-04,130.97413525349677,132.08766848288022,130.93572947454538,132.03005981445312,474600.0
2024-10-07,131.55010115425964,131.63650684039789,130.3021915363186,130.73416137695312,443200.0
2024-10-08,129.02545901096335,129.40942891416503,128.37269259850498,128.96786499023438,534000.0
2024-10-09,128.63187721562358,129.63020772821244,128.47828339906758,129.15023803710938,295800.0
2024-10-10,127.82554090961673,128.82387149452438,127.60474428950585,128.75668334960938,521200.0
2024-10-11,128.81428074982747,129.66862629837465,128.51670185558837,129.29425048828125,372900.0
2024-10-14,128.41110453800962,130.2061866252438,127.93113481222393,130.0045928955078,529500.0
2024-10-15,130.5229706957355,131.3773162367475,129.1214526269054,129.14065551757812,692000.0
2024-10-16,129.6590237329816,130.52296334693085,129.3326331999778,130.3309783935547,581900.0
2024-10-17,132.69243058057873,133.6523700631938,131.56930314362077,132.3948516845703,1282800.0
2024-10-18,134.2283376139177,134.35313443200468,133.03800740008677,133.82516479492188,713200.0
2024-10-21,132.53884261727944,132.9708124263436,131.3101066851997,131.5789031982422,456100.0
2024-10-22,130.38857439700473,131.38690495824537,130.13899541857288,131.28131103515625,437500.0
2024-10-23,129.93741274808426,130.22539753078348,128.6126915361765,128.8142852783203,430400.0
2024-10-24,129.62063633208612,129.7550272832554,128.59350862976,129.0542755126953,445000.0
2024-10-25,129.2270465790964,129.3134522633832,127.93113708496094,127.93113708496094,261400.0
2024-10-28,128.51669762793827,128.85266764529555,127.91193109017627,128.03672790527344,313800.0
2024-10-29,127.25918211720004,127.78713710581577,124.81133354788206,124.94572448730469,612000.0
2024-10-30,123.14103757489268,123.97618025056325,122.4882784236032,122.63227081298828,567300.0
2024-10-31,120.68359179728118,120.84677975009757,118.97490070601074,119.18608856201172,589600.0
2024-11-01,120.78918198935733,120.85637745748325,119.19567899700465,119.23407745361328,689500.0
2024-11-04,120.10762957255692,120.44360692356321,118.61011901359649,118.61972045898438,624400.0
2024-11-05,118.64851944018383,119.1380906304921,118.32214352914971,118.9269027709961,535700.0
2024-11-06,115.34632531438942,115.42311490266127,113.60882996758906,114.84715270996094,1033900.0
2024-11-07,117.25661215495253,117.89976986644798,116.01828931302055,116.87263488769531,987900.0
2024-11-08,115.84549940188288,116.05668726413784,115.12554477533583,115.60551452636719,767900.0
2024-11-11,116.18146993797944,116.60384563767765,115.52871082197166,115.75909423828125,842700.0
2024-11-12,115.49991210288424,115.54791200396096,114.4631757591828,114.88555145263672,1020400.0
2024-11-13,114.02161265610648,114.62637922840605,113.11926718236246,114.37679290771484,869500.0
2024-11-14,116.20067596178578,116.23906709574204,114.92395470690991,115.04874420166016,929200.0
2024-11-15,114.65517400109978,114.65517400109978,113.27285880429261,113.42645263671875,724900.0
2024-11-18,113.83922406035441,114.67437407856578,113.67603609980101,114.156005859375,985100.0
2024-11-19,113.62803760593442,115.06794680973668,113.59923326990256,114.4247817993164,901500.0
2024-11-20,114.86635813375787,114.90474926686238,114.08880219889102,114.66476440429688,838100.0
2024-11-21,113.69522628700682,114.32878249049612,113.00406873865013,113.36884307861328,1306400.0
2024-11-22,114.65517422321219,115.60551226097962,114.32879099055287,115.27912902832031,1233700.0
2024-11-25,116.49825827020726,116.84383707600196,115.00075499426836,115.5671157836914,1321800.0
2024-11-26,115.85509775345227,115.92229322385181,113.31125667617206,113.95441436767578,1543600.0
2024-11-27,113.67603076686012,114.77036118144935,113.64723375443782,113.89682006835938,1207700.0
2024-11-29,113.85842216095377,114.88555711027064,113.45524933757862,114.57837677001953,694100.0
2024-12-02,114.88555117546811,115.11593458781596,113.86801772415488,114.82795715332031,1329600.0
2024-12-03,115.18313686477912,115.21193387755557,113.97361838562615,114.12720489501953,947300.0
2024-12-04,114.00241371519445,114.31918817481531,113.17686518359243,113.27285766601562,1445100.0
2024-12-05,118.00536315869172,119.07089659077283,117.59258888028411,118.55252838134766,1910400.0
2024-12-06,119.61806239956753,119.7428518987647,118.00536373692813,118.06295776367188,1174200.0
2024-12-09,118.59092485774985,119.74284931026645,118.41813545749666,118.8309097290039,1338300.0
2024-12-10,119.9540337398109,119.9540337398109,118.70611683921658,119.50286102294922,967500.0
2024-12-11,121.0099679348773,123.21783165797444,120.72199048648875,121.62432861328125,2332200.0
2024-12-12,124.14897496131407,124.8593354510794,123.69780223298547,124.06258392333984,1792800.0
2024-12-13,126.79839690959092,127.02878764792399,125.82886334986023,126.18403625488281,2327700.0
2024-12-16,125.87687005893345,127.03838863966868,125.38729154443756,125.42569732666016,1766100.0
2024-12-17,123.8897823536146,124.63853394846338,123.1218278685736,123.39060974121094,1207300.0
2024-12-18,122.56507601090114,123.15063236975465,120.27082118510134,120.34761810302734,1137600.0
2024-12-19,121.09636208939995,122.68985775498157,120.41480596433874,122.14269256591797,1741200.0
2024-12-20,120.3188143218739,121.72033244734851,120.3188143218739,120.44361114501953,1092900.0
2024-12-23,120.21322911541226,120.94277787631361,119.31088362448594,120.65480041503906,1127700.0
2024-12-24,120.45321533264641,121.5283429180223,119.92524566214404,121.48994445800781,301600.0
2024-12-26,120.9235755103257,122.77625896969141,120.73158322317877,121.96031188964844,856500.0
2024-12-27,121.22115354935033,122.6898597478641,121.10596550162806,121.8451156616211,967200.0
2024-12-30,121.58593747916836,122.17149382135219,120.6355921253423,121.62432861328125,1039900.0
2024-12-31,121.61473336047935,122.22909403316908,121.31714714569499,122.03710174560547,433700.0
2025-01-02,121.26915996546191,121.91231767897999,120.70279184663099,121.06757354736328,885100.0
2025-01-03,117.80377110350047,117.84216956055589,116.51744842529297,116.51744842529297,1165800.0
2025-01-06,118.18775005050614,121.2787489884864,118.16854715982377,120.29961395263672,1722400.0
2025-01-07,120.93317466249084,121.65312924718705,119.55085951627196,119.87723541259766,931700.0
2025-01-08,119.50286328445509,120.49159977266811,119.18608882351558,120.41481018066406,620700.0
2025-01-10,117.35259809172864,117.35259809172864,113.48404326917662,113.49364471435547,1305700.0
2025-01-13,111.19938798495262,112.36092122298247,110.54663615681405,111.99613952636719,2269300.0
2025-01-14,109.81707819527134,110.42183743232219,109.4234994922848,109.91307067871094,1197400.0
2025-01-15,111.30497375984821,112.01533420975436,110.70021455669131,111.29537963867188,811500.0
2025-01-16,111.04579839864778,112.67769257132069,110.50823463800388,112.66809844970703,907200.0
2025-01-17,113.68563305388741,114.31918930313925,113.311257242112,114.03121185302734,895600.0
2025-01-21,114.4247815335763,115.62470586729148,114.27119502721436,114.93355560302734,1075400.0
2025-01-22,114.0504080147095,114.12720493130915,112.77369406408653,112.93688201904297,835400.0
2025-01-23,113.28245771080901,114.65517143138428,112.60090157314673,114.2136001586914,765300.0
2025-01-24,119.2340788616578,120.08842439095774,118.12055290188488,119.46446228027344,1855300.0
2025-01-27,119.31088333335589,120.89478499965159,118.65812416946616,120.6355972290039,1265700.0
2025-01-28,120.37640744191319,120.52999394421636,118.34133318915995,118.5909194946289,742100.0
2025-01-29,116.89181994499116,117.20860171127659,115.59590319280849,115.86468505859375,770800.0
2025-01-30,116.805430654627,117.52538523032767,116.02788205647241,116.69983673095703,955000.0
2025-01-31,114.73196327002488,116.62304521483621,114.34799333755632,115.1639404296875,990400.0
2025-02-03,111.06499871571374,113.75283228140167,110.62342741861993,112.2457275390625,1639100.0
2025-02-04,112.19772140741759,112.82168352094189,111.18978936903851,111.30497741699219,1136000.0
2025-02-05,108.62675563968361,108.71314667793155,106.89886163715406,107.00445556640625,1413000.0
2025-02-06,108.07958137225546,108.39636315494094,106.7932659983306,107.35962677001953,1098700.0
2025-02-07,106.63007351571811,106.89885538399847,105.76612656499077,106.06370544433594,976700.0
2025-02-10,105.02698291878137,105.11337395731549,103.85585557138275,104.11503601074219,1166200.0
2025-02-11,102.94390278123933,104.05743603932244,102.94390278123933,103.79824829101562,866600.0
2025-02-12,102.71352017344721,102.9151065771798,101.48479886093041,102.15675354003906,1026200.0
2025-02-13,105.06537204464566,105.37255238204465,104.32622187532078,104.99817657470703,1439500.0
2025-02-14,104.422214376583,104.9501840145948,103.11669611146014,103.2222900390625,864200.0
2025-02-18,103.77905414294634,104.1438284960496,103.13589647151818,103.40467834472656,1377400.0
2025-02-19,102.4447465205211,103.03031021233171,102.0991677081818,102.23355865478516,1084500.0
2025-02-20,102.11835735879838,103.65426635742188,101.87837249323307,103.65426635742188,1129800.0
2025-02-21,105.30535634064333,106.63967161058144,104.87338651106163,106.0925064086914,868100.0
2025-02-24,105.5549372989741,106.94685384635503,105.01737356964438,105.8525161743164,912100.0
2025-02-25,106.2652921215334,106.8796527717003,105.31495413514348,105.49734497070312,642300.0
2025-02-26,105.986915856082,106.97565229600903,105.63173563085059,106.06370544433594,1217500.0
2025-02-27,104.6622023566253,105.25736748228752,103.99024763713341,104.28782653808594,973200.0
2025-02-28,106.5973179555894,106.80195585030387,105.19407818083964,106.0418701171875,718600.0
2025-03-03,106.91889694531012,107.7861750346696,105.62284948696598,106.36344909667969,1017500.0
2025-03-04,106.3147238999486,107.10405001473244,105.3694863802054,105.54489135742188,957200.0
2025-03-05,110.90447545223249,111.33324481352466,110.0274580272174,111.06039428710938,1235900.0
2025-03-06,108.24417665518553,111.54763080305437,108.16621723683232,111.2747802734375,1126400.0
2025-03-07,108.52677843500098,110.66086369921537,108.52677843500098,109.95924377441406,1381800.0
2025-03-10,108.78988208161572,111.24555181598525,108.50728475470544,109.32584381103516,1773600.0
2025-03-11,108.80937014436466,108.84834241851291,106.74349018740213,107.58153533935547,989200.0
2025-03-12,107.50357969156167,107.58153911183044,105.35974767650735,105.65208435058594,699300.0
2025-03-13,104.99919304750466,105.99314965477275,104.82378806567857,105.19408416748047,1363900.0
2025-03-14,104.57041722273196,105.12586505854104,104.32679962045395,104.90174102783203,1047800.0
2025-03-17,104.86276725236809,106.65578933796478,104.86276725236809,106.4998779296875,1307000.0
2025-03-18,106.09059741222997,106.68502496381791,105.31101810157125,105.3694839477539,818400.0
2025-03-19,104.55093172772352,105.29153132488929,102.54352505170547,103.7226333618164,1990400.0
2025-03-20,103.77135306337247,105.35974460795438,103.74212014027796,105.24280548095703,845000.0
2025-03-21,104.1708943705535,104.69710931469251,103.70314527533449,104.30731964111328,781500.0
2025-03-24,103.80058876229738,104.65812751397158,103.14769534699599,103.47901916503906,948700.0
2025-03-25,103.88829677904238,103.9857423385346,102.29991259892196,102.51428985595703,847500.0
2025-03-26,102.12450101318109,103.43028778208972,102.12450101318109,103.2548828125,926800.0
2025-03-27,102.14399212903824,103.37182697601783,102.14399212903824,102.82611846923828,955100.0
2025-03-28,102.9430540257745,103.82982567186897,102.40709232378121,102.68968963623047,1414600.0
2025-03-31,101.57879962066838,102.6117433734901,101.05258467518252,102.11476135253906,1317700.0
2025-04-01,102.27066560740693,102.66045525471667,101.54955959238634,101.84190368652344,920200.0
2025-04-02,103.84931070626105,104.01496889071119,103.05024527198597,103.76161193847656,1193000.0
2025-04-03,106.25625922552476,106.37319835649994,103.71289074511601,105.25255584716797,2560700.0
2025-04-04,102.24143299680695,103.10871106154174,101.31568908691406,101.31568908691406,3580300.0
2025-04-07,98.7041140331232,102.86509963652712,98.14866616691481,99.18160247802734,2124800.0
2025-04-08,102.10500834157799,102.55326383789776,98.1876405657109,99.1036376953125,1347100.0
2025-04-09,101.09156034270504,104.88224972124289,99.94168493773601,104.82378387451172,2024000.0
2025-04-10,104.7360890255124,105.10638512637186,102.18297372645709,104.30731964111328,1865200.0
2025-04-11,104.53144404575312,106.91890115802688,104.03446945897888,106.73374938964844,998200.0
2025-04-14,108.09800524931718,108.79962514944306,107.01634247572635,107.77642822265625,1129100.0
2025-04-15,105.40846464568153,106.06135804957749,104.72633831841998,104.82378387451172,774600.0
2025-04-16,106.22702447417856,107.3184266060284,105.09663519805474,105.43769836425781,974600.0
2025-04-17,106.1100837323879,107.26970591447204,105.89569904985612,106.782470703125,1291700.0
2025-04-21,106.70451531505367,107.10405177206533,105.70081193130964,106.89940643310547,643100.0
2025-04-22,109.45251709654121,110.19311669621345,108.98476802447999,109.5012435913086,1621300.0
2025-04-23,108.72166702689744,109.90077537075979,107.43536633953674,108.11749267578125,1030800.0
2025-04-24,109.21864462140185,109.46226222230543,108.380599479524,108.7801284790039,676600.0
2025-04-25,108.04927582928254,108.36110606149587,106.91889402549135,107.7471923828125,880100.0
2025-04-28,108.67293710710594,108.7898762330434,107.84463874358514,108.3611068725586,684300.0
2025-04-29,107.65949556908708,108.15647013172875,107.35740468251467,108.06877136230469,432000.0
2025-04-30,108.78987543131153,109.32583712796773,107.09429900811972,109.16017150878906,528500.0
2025-05-01,108.92630215179445,109.09196033857212,108.06877086028125,108.46829986572266,532900.0
2025-05-02,110.21260314448504,110.50494724467603,109.53047682353183,110.38800811767578,490900.0
2025-05-05,111.08963277132422,111.25529096570959,110.08592938406981,110.23210144042969,473200.0
2025-05-06,113.32116797729444,113.35040090085667,111.23580183750212,111.74252319335938,1090700.0
2025-05-07,113.42835965967632,113.42835965967632,112.13231220208793,112.79495239257812,1024300.0
2025-05-08,113.69146210145038,113.7109556732345,112.33694881260627,112.45388793945312,889000.0
2025-05-09,112.83393487154315,113.38938273348344,112.31746671995543,112.44414520263672,621300.0
2025-05-12,112.52210449141906,112.52210449141906,111.15784436915582,111.93742370605469,1037400.0
2025-05-13,110.39775734994058,110.50494969341132,109.05299081542518,109.40379333496094,806200.0
2025-05-14,109.63766948393732,110.28081609776355,109.20890011830693,109.8617935180664,803900.0
2025-05-15,110.30030775890123,111.89843863177822,110.14438892514777,111.85945892333984,676300.0
2025-05-16,111.20656570892069,112.17128933176757,110.65111787338834,112.11282348632812,655900.0
2025-05-19,110.5829094014285,111.42094714451801,110.52443611917053,111.32350158691406,750900.0
2025-05-20,111.4696760895299,111.8204860523067,111.08963320229164,111.37223052978516,630500.0
2025-05-21,111.70354563540121,112.06410238039247,110.88499402141399,111.03116607666016,567700.0
2025-05-22,108.29289653129398,108.78013174774209,107.7569422539727,108.02979278564453,651700.0
2025-05-23,105.42796060632551,106.78247394016185,105.28178855156642,106.41217041015625,885600.0
2025-05-27,107.4548508695894,107.66923555337878,106.7434916202366,107.14302062988281,670700.0
2025-05-28,106.1393218904899,106.45115214374718,105.14536528155091,105.32077026367188,569000.0
2025-05-29,106.53885487654432,107.04557623357448,105.74952876544002,106.8506851196289,708800.0
2025-05-30,106.81170442015312,107.11378787435537,105.96391246964505,106.23676300048828,635400.0
2025-06-02,105.51565567908551,105.95417182798859,104.67761052477573,105.89569854736328,694900.0
2025-06-03,104.64837823719486,105.29153228564356,104.06369746972652,104.84326934814453,737100.0
2025-06-04,107.62051811706243,108.14673304850065,107.01634376586608,107.99081420898438,751900.0
2025-06-05,105.60336687766036,105.7300453615383,102.4460772208505,102.51428985595703,941900.0
2025-06-06,102.31939695777794,102.62148041733695,101.57879733619961,102.44607543945312,741700.0
2025-06-09,104.21961049172461,104.84327097800195,103.61544357761686,104.53144073486328,1086300.0
2025-06-10,104.4924681452324,105.24280710987583,103.94675964541777,104.93097686767578,591000.0
2025-06-11,104.54118965976475,104.58991615656622,103.6349318354425,103.94676208496094,813900.0
2025-06-12,104.511953464887,104.65812551609743,104.04420438793751,104.57041931152344,733400.0
2025-06-13,103.37182225753395,103.78109804297227,102.29015951414752,102.60198974609375,663800.0
2025-06-16,102.70918403404208,103.41080392788787,100.38020031868248,100.47764587402344,2069100.0
2025-06-17,100.13658400093047,100.85769004127124,99.63960199729453,99.65908813476562,995300.0
2025-06-18,99.51292679007237,99.95143552647836,98.9574789211356,99.03543090820312,748100.0
2025-06-20,99.62985821676187,99.9319491163224,98.09020053303955,98.14866638183594,1068800.0
2025-06-23,97.16444609009694,98.02197739562556,96.7259373686081,97.73938751220703,1589000.0
2025-06-24,98.14866004296165,99.21082921213468,98.03172091830167,98.61640167236328,969700.0
2025-06-25,97.44704080190391,97.44704080190391,96.85261325824276,97.31061553955078,992700.0
2025-06-26,98.39228155893414,98.65538530661549,97.83683370527847,97.97325897216797,722800.0
2025-06-27,97.60296580326735,98.17789981171104,97.33010782670019,97.87581634521484,920300.0
2025-06-30,97.3106176254793,98.34355390104312,97.13521265089116,98.26559448242188,1163700.0
2025-07-01,98.94773141900626,101.85164922696082,98.87951878417832,101.24748229980469,896900.0
2025-07-02,101.49109502792437,102.35837310095599,100.52637140049063,102.30964660644531,670600.0
2025-07-03,102.15373522727367,102.22194785883107,101.2572242311995,102.05628967285156,599600.0
2025-07-07,101.33518241615957,101.68599238124578,100.1268411112069,100.30224609375,843200.0
2025-07-08,101.17926673687717,103.01126847253813,100.91615555685549,102.50454711914062,1291800.0
2025-07-09,103.07948256543712,103.18667490924287,101.15003524617275,102.06603240966797,1188000.0
2025-07-10,102.00756396746426,103.50824930795564,101.83215899429983,102.79688262939453,883000.0
2025-07-11,100.54586110451945,101.02334954226285,100.04887909443251,100.90641784667969,1198300.0
2025-07-14,100.06837073911852,100.25351506509851,98.6261512328791,99.29853820800781,1022500.0
2025-07-15,99.40572858791667,99.51292092776693,98.42151139230029,98.97695922851562,826500.0
2025-07-16,99.00619521111143,100.7699917629464,98.78207117331183,100.54586029052734,1367600.0
2025-07-17,99.98066631138202,100.6335597261461,99.34725903431291,100.52637481689453,2834000.0
2025-07-18,101.1500364323451,101.52033252962222,100.4581558652601,100.61407470703125,916700.0
2025-07-21,100.41917790774328,101.42288123234214,99.49342656499991,99.64934539794922,1966600.0
2025-07-22,100.98436659114195,102.8358618695205,100.8382019763541,102.81637573242188,1050600.0
2025-07-23,103.24514025638085,104.64838007058441,102.50454807410182,103.371826171875,1398600.0
2025-07-24,104.06369962750667,104.80429924678667,102.7871457246923,102.84561157226562,1108300.0
2025-07-25,102.98203521399738,104.40476114790526,102.61173912751265,104.31706237792969,862800.0
2025-07-28,101.8906243691874,102.20245460507965,101.29619682035855,101.53007507324219,1025500.0
2025-07-29,100.97462722241633,101.72496617180134,100.45815165665138,101.65675354003906,1506300.0
2025-07-30,100.55560984977075,101.43262732220899,99.82475699965912,100.19505310058594,1168500.0
2025-07-31,96.62849477109572,96.9695579465444,95.19602199959164,95.44937896728516,3071800.0
2025-08-01,95.75146498640416,95.97558901829606,94.62107573725095,94.97188568115234,1740300.0
2025-08-04,94.03639354153904,96.16073930960314,93.98766704772169,95.66375732421875,2439800.0
2025-08-05,98.56768343073459,100.01964225953333,97.81733705185862,99.1036376953125,2217800.0
2025-08-06,102.81637925978323,104.48272283710604,102.67995399155467,104.23910522460938,2837700.0
2025-08-07,104.2391037312614,106.48038127335,104.2391037312614,106.21727752685547,1793800.0
2025-08-08,106.16854892986986,107.01634086889575,105.8859590514805,106.67527770996094,1049900.0
2025-08-11,107.24047331660348,108.79962451071923,107.17226068419278,108.70217895507812,1549100.0
2025-08-12,108.5462594670762,109.48175017793267,108.3708544941269,108.59498596191406,808000.0
2025-08-13,107.19174826367166,108.39035017457981,106.92864451643884,108.1369857788086,1323600.0
2025-08-14,107.49383155399633,107.89336800188626,106.80195843570299,107.88362121582031,958800.0
2025-08-15,108.653454393273,108.85809229414635,107.66923716416065,108.11749267578125,712700.0
2025-08-18,106.91889579618325,108.26366230088298,106.8701693012789,107.8154067993164,1391800.0
2025-08-19,109.98848297089467,111.46967479178163,109.95924261215397,111.15784454345703,1441000.0
2025-08-20,111.742521739382,112.82418450482649,111.6840558930183,112.3077163696289,2036400.0
2025-08-21,111.16758566113069,111.83022583435907,110.7193301666849,111.47941589355469,1214400.0
2025-08-22,111.6353271481799,113.43810334400223,111.6353271481799,112.38567352294922,1066000.0
2025-08-25,111.8107389605151,111.84971867123045,110.62188380486567,110.73882293701172,536700.0
2025-08-26,110.46596788473677,110.46596788473677,108.21494358385884,108.32213592529297,1432500.0
2025-08-27,108.3611096279263,109.1796686610641,108.10775266721504,109.169921875,648000.0
2025-08-28,110.36852738507027,110.38801352321487,109.01401402812084,109.30635070800781,719200.0
2025-08-29,108.07851798846605,109.3648186471195,108.02979149355627,108.97502899169922,937900.0
2025-09-02,107.2989368793301,107.98106318891892,107.1137851233192,107.87387084960938,1094200.0
2025-09-03,107.75694355091785,107.84464232231673,106.9383845114309,107.21123504638672,604500.0
2025-09-04,107.28919496623489,107.49383286840538,106.63630154960246,106.93838500976562,717600.0
2025-09-05,106.83118943286776,108.35136834310701,106.74349066371398,107.43536376953125,858900.0
2025-09-08,105.3110186118255,105.3110186118255,103.50824981113912,103.68365478515625,915400.0
2025-09-09,102.91382093912927,103.57646111753066,102.11475549764106,102.30964660644531,1085600.0
2025-09-10,101.7054806986138,102.23169561905173,101.47160244422851,101.63726806640625,769400.0
2025-09-11,101.28645665245136,101.78343120792864,101.01360612757303,101.04283905029297,691200.0
2025-09-12,100.38019851309888,100.60432254288972,99.02568524475168,99.12313079833984,826800.0
2025-09-15,99.57139220471294,99.85398953113157,97.71015005180313,97.89530181884766,1687900.0
2025-09-16,98.26559777321674,98.518962174911,97.37883351921627,97.5152587890625,2090400.0
2025-09-17,97.60296406630191,98.4799815256342,96.4433418490423,96.52130126953125,2024300.0
2025-09-18,96.20946873656733,96.56027125119458,95.47861591474012,95.6929931640625,1198900.0
2025-09-19,95.73197386742933,96.2192090870401,95.08882724354524,95.14729309082031,1026600.0
2025-09-22,94.52363494612327,94.69903992691323,93.49069863403773,93.52967834472656,1797900.0
2025-09-23,94.29949708778393,94.44566913432182,93.5491581529975,93.87073516845703,1745700.0
2025-09-24,92.896270735414,93.412738889671,92.69163283096988,93.02294921875,2454600.0
2025-09-25,93.49069755021901,93.49069755021901,91.2299263988124,91.2494125366211,2570400.0
2025-09-26,91.15196374693026,91.86332298833273,91.03502462036498,91.74639129638672,1166700.0
2025-09-29,92.4869889564921,92.86703181658794,92.0777057394035,92.58443450927734,1315800.0
2025-09-30,92.35055932685812,93.09115893492644,92.15566821481774,92.99371337890625,899200.0
2025-10-01,95.29346648413063,95.62478286950929,93.40299142636914,94.07537841796875,1533100.0
2025-10-02,93.83176242237892,94.60159498561934,93.62712451589015,93.89022827148438,1009400.0
2025-10-03,93.66609887435835,94.85494653441168,93.58813945692623,93.81226348876953,1329200.0
2025-10-06,93.37375987140284,93.38350665776852,91.81460861077865,91.97052001953125,1841600.0
2025-10-07,93.08141004902193,93.4711996989284,92.24337233845891,93.45171356201172,1582700.0
2025-10-08,93.12038957281453,93.71481711495383,92.46749618542192,93.32502746582031,1144300.0
2025-10-09,93.22758486581073,93.33477720858397,92.40903326785441,92.97422790527344,1303700.0
2025-10-10,93.57839838389094,94.153339829278,92.70137347078678,93.23733520507812,1590800.0
2025-10-13,92.6526515100772,93.76354722039154,92.3505606171886,93.20809936523438,954800.0
2025-10-14,91.93153932176202,93.18860710313186,91.78537470094426,92.38954162597656,1614900.0
2025-10-15,92.09720462905548,92.78907775878906,91.98026549818886,92.78907775878906,1180900.0
2025-10-16,94.81597364672365,97.03776498682647,94.34822457977711,96.15099334716797,2408000.0
2025-10-17,97.11000061035156,97.91999816894531,96.86000061035156,97.62999725341797,1922700.0
2025-10-20,97.7300033569336,98.54000091552734,97.5999984741211,97.97000122070312,966700.0
2025-10-21,98.45999908447266,98.83999633789062,97.5999984741211,97.94999694824219,1036100.0
2025-10-22,97.5,99.05999755859375,97.37000274658203,97.81999969482422,1165300.0
2025-10-23,97.45999908447266,97.51000213623047,96.66999816894531,96.87000274658203,1920800.0
2025-10-24,96.77999877929688,96.87000274658203,96.08999633789062,96.2300033569336,980700.0
2025-10-27,95.12999725341797,95.91999816894531,94.4800033569336,95.23999786376953,1398800.0
2025-10-28,94.7300033569336,94.87999725341797,94.0199966430664,94.05000305175781,828100.0
2025-10-29,93.2699966430664,93.5,91.41999816894531,91.70999908447266,2005400.0
2025-10-30,91.08999633789062,91.5199966430664,90.5,91.0,2220900.0
2025-10-31,91.45999908447266,92.44000244140625,90.6500015258789,92.08999633789062,1405600.0
2025-11-03,92.94000244140625,93.81999969482422,92.5,93.45999908447266,1734400.0
2025-11-04,93.02999877929688,93.30000305175781,92.0199966430664,93.05999755859375,1100600.0
2025-11-05,93.05999755859375,94.27999877929688,92.87000274658203,93.9000015258789,817000.0
2025-11-06,88.79000091552734,88.86000061035156,86.56999969482422,87.26000213623047,2945100.0
2025-11-07,89.16000366210938,91.2699966430664,89.16000366210938,90.80000305175781,2249600.0
2025-11-10,96.87000274658203,96.9800033569336,94.63999938964844,95.05000305175781,4236900.0
2025-11-11,97.04000091552734,97.66999816894531,96.52999877929688,97.33000183105469,3438300.0
2025-11-12,97.2300033569336,98.13999938964844,96.87999725341797,96.98999786376953,1725000.0
2025-11-13,95.41999816894531,96.4800033569336,95.33999633789062,96.05000305175781,1364400.0
2025-11-14,94.93000030517578,95.41000366210938,94.0199966430664,94.5999984741211,1522900.0
2025-11-17,93.81999969482422,94.01000213623047,92.7300033569336,92.98999786376953,1066000.0
2025-11-18,91.37000274658203,91.79000091552734,90.77999877929688,91.20999908447266,1437400.0
2025-11-19,90.44999694824219,90.44999694824219,88.66999816894531,88.66999816894531,1474000.0
2025-11-20,88.72000122070312,89.61000061035156,88.54000091552734,88.7300033569336,1578100.0
2025-11-21,91.05000305175781,92.9800033569336,90.91000366210938,92.0,1508000.0
2025-11-24,91.61000061035156,91.61000061035156,90.13999938964844,90.77999877929688,1432300.0
2025-11-25,90.94999694824219,91.79000091552734,90.81999969482422,91.16999816894531,1123700.0
2025-11-26,90.37999725341797,90.88999938964844,90.37999725341797,90.63999938964844,820500.0
2025-11-28,91.41000366210938,91.94000244140625,91.2300033569336,91.61000061035156,882700.0
2025-12-01,92.11000061035156,92.83000183105469,91.95999908447266,92.3499984741211,1250000.0
2025-12-02,92.12000274658203,92.33999633789062,90.91000366210938,91.76000213623047,1007600.0
2025-12-03,92.80000305175781,94.20999908447266,91.80999755859375,92.05999755859375,1619700.0
2025-12-04,91.36000061035156,93.06999969482422,89.06999969482422,89.48999786376953,2126100.0
2025-12-05,89.44999694824219,90.4800033569336,88.30999755859375,88.45999908447266,2502100.0
2025-12-08,86.98999786376953,88.22000122070312,86.72000122070312,87.94000244140625,2007400.0
2025-12-09,86.75,86.94000244140625,85.3499984741211,85.4000015258789,2299400.0
2025-12-10,85.37999725341797,86.18000030517578,85.12999725341797,86.06999969482422,1503000.0
2025-12-11,87.88999938964844,88.94999694824219,87.69000244140625,87.79000091552734,2081200.0
2025-12-12,88.30999755859375,89.26000213623047,88.19999694824219,89.08999633789062,1874100.0
2025-12-15,89.19999694824219,89.44000244140625,88.29000091552734,88.91999816894531,1747800.0
2025-12-16,89.95999908447266,90.33000183105469,89.0999984741211,89.38999938964844,1986600.0
2025-12-17,89.83000183105469,90.31999969482422,89.30999755859375,89.80000305175781,1649600.0
2025-12-18,89.58999633789062,90.0999984741211,88.3499984741211,88.38999938964844,1713900.0
2025-12-19,89.08999633789062,89.87000274658203,89.0,89.16000366210938,1649000.0
2025-12-22,86.83000183105469,87.69000244140625,86.56999969482422,86.87000274658203,1784000.0
2025-12-23,86.97000122070312,87.08000183105469,85.38999938964844,85.41999816894531,1533100.0
2025-12-24,85.54000091552734,85.80999755859375,85.12000274658203,85.66000366210938,626900.0
2025-12-26,85.7699966430664,86.31999969482422,85.52999877929688,86.31999969482422,884000.0
2025-12-29,85.8499984741211,86.80999755859375,85.75,86.26000213623047,1847000.0
2025-12-30,85.4800033569336,86.94000244140625,85.4800033569336,86.5999984741211,1364900.0
2025-12-31,86.29000091552734,86.73999786376953,86.18000030517578,86.2699966430664,1050600.0
2026-01-02,86.12000274658203,87.29000091552734,85.18000030517578,87.08999633789062,2063400.0
2026-01-05,85.58000183105469,89.91000366210938,85.37999725341797,89.55000305175781,4304000.0
2026-01-06,88.20999908447266,89.22000122070312,88.0199966430664,88.51000213623047,1913500.0
2026-01-07,86.23999786376953,86.58999633789062,84.5199966430664,85.12000274658203,2055600.0
2026-01-08,85.4800033569336,87.37999725341797,85.30999755859375,86.94999694824219,2250900.0
2026-01-09,87.94000244140625,88.45999908447266,87.08000183105469,88.43000030517578,2384900.0
2026-01-12,89.5,90.91000366210938,89.30999755859375,90.88999938964844,1928600.0
2026-01-13,91.08999633789062,91.22000122070312,89.41999816894531,89.93000030517578,1262300.0
2026-01-14,90.37000274658203,91.68000030517578,90.16999816894531,91.37000274658203,1351300.0
2026-01-15,89.30000305175781,90.30000305175781,88.5,89.3499984741211,2040000.0
2026-01-16,89.41999816894531,89.55000305175781,88.11000061035156,88.55999755859375,1464700.0
2026-01-20,87.87000274658203,89.1500015258789,86.94999694824219,88.93000030517578,2436200.0
2026-01-21,90.70999908447266,91.16000366210938,89.2699966430664,90.87999725341797,1995600.0
2026-01-22,90.79000091552734,92.18000030517578,90.55999755859375,91.18000030517578,1791500.0
2026-01-23,90.61000061035156,91.51000213623047,90.2300033569336,91.48999786376953,1828100.0
2026-01-26,90.95999908447266,91.36000061035156,89.69000244140625,89.77999877929688,1985900.0
2026-01-27,89.87000274658203,89.9000015258789,88.04000091552734,88.7699966430664,1901200.0
2026-01-28,90.37000274658203,90.87000274658203,88.36000061035156,88.75,1335600.0
2026-01-29,90.79000091552734,91.30999755859375,89.55999755859375,91.04000091552734,1936500.0
2026-01-30,92.12000274658203,92.91000366210938,91.48999786376953,92.80000305175781,1589400.0
2026-02-02,91.80000305175781,92.13999938964844,90.94000244140625,91.98999786376953,1303500.0
2026-02-03,91.33999633789062,93.52999877929688,91.27999877929688,93.11000061035156,1240600.0
2026-02-04,95.13999938964844,97.73999786376953,95.0999984741211,97.26000213623047,1904900.0
2026-02-05,97.0999984741211,97.29000091552734,96.0199966430664,97.0999984741211,1502300.0
2026-02-06,96.19000244140625,97.27999877929688,95.73999786376953,96.87999725341797,1433000.0
2026-02-09,96.7699966430664,97.0999984741211,95.66999816894531,97.0999984741211,1778100.0
2026-02-10,98.37999725341797,99.44000244140625,97.69999694824219,99.08000183105469,1041200.0
2026-02-11,99.87999725341797,100.80999755859375,99.33999633789062,100.80999755859375,1464200.0
2026-02-12,101.05999755859375,101.2300033569336,99.80999755859375,100.05000305175781,1546754.0
